0,0,12.000000
0,100,9.000000
100,100,8.000000
100,0,12.000000
0,0,12.000000

3dpoly
0,100,9.000000
0,200,6.000000
100,200,-4.000000
100,100,8.000000
0,100,9.000000

3dpoly
0,200,6.000000
0,300,6.000000
100,300,-18.000000
100,200,-4.000000
0,200,6.000000

3dpoly
0,300,6.000000
0,400,17.000000
100,400,2.500000
100,300,-18.000000
0,300,6.000000

3dpoly
0,400,17.000000
0,500,19.000000
100,500,-9.500000
100,400,2.500000
0,400,17.000000

3dpoly
0,500,19.000000
0,600,5.000000
100,600,-23.500000
100,500,-9.500000
0,500,19.000000

3dpoly
0,600,5.000000
0,700,6.000000
100,700,-12.250000
100,600,-23.500000
0,600,5.000000

3dpoly
0,700,6.000000
0,800,3.000000
100,800,-13.250000
100,700,-12.250000
0,700,6.000000

3dpoly
0,800,3.000000
0,900,-5.000000
100,900,-21.250000
100,800,-13.250000
0,800,3.000000

3dpoly
0,900,-5.000000
0,1000,7.000000
100,1000,-17.250000
100,900,-21.250000
0,900,-5.000000

3dpoly
0,1000,7.000000
0,1100,-1.000000
100,1100,-28.250000
100,1000,-17.250000
0,1000,7.000000

3dpoly
0,1100,-1.000000
0,1200,-3.000000
100,1200,-21.125000
100,1100,-28.250000
0,1100,-1.000000

3dpoly
0,1200,-3.000000
0,1300,8.000000
100,1300,-8.125000
100,1200,-21.125000
0,1200,-3.000000

3dpoly
0,1300,8.000000
0,1400,-4.000000
100,1400,-17.125000
100,1300,-8.125000
0,1300,8.000000

3dpoly
0,1400,-4.000000
0,1500,0.000000
100,1500,-10.125000
100,1400,-17.125000
0,1400,-4.000000

3dpoly
0,1500,0.000000
0,1600,-14.000000
100,1600,-13.125000
100,1500,-10.125000
0,1500,0.000000

3dpoly
0,1600,-14.000000
0,1700,-15.000000
100,1700,-24.125000
100,1600,-13.125000
0,1600,-14.000000

3dpoly
0,1700,-15.000000
0,1800,-7.000000
100,1800,-22.125000
100,1700,-24.125000
0,1700,-15.000000

3dpoly
0,1800,-7.000000
0,1900,-4.000000
100,1900,-20.062500
100,1800,-22.125000
0,1800,-7.000000

3dpoly
0,1900,-4.000000
0,2000,-16.000000
100,2000,-29.062500
100,1900,-20.062500
0,1900,-4.000000

3dpoly
0,2000,-16.000000
0,2100,-19.000000
100,2100,-32.062500
100,2000,-29.062500
0,2000,-16.000000

3dpoly
0,2100,-19.000000
0,2200,-31.000000
100,2200,-31.062500
100,2100,-32.062500
0,2100,-19.000000

3dpoly
0,2200,-31.000000
0,2300,-22.000000
100,2300,-33.062500
100,2200,-31.062500
0,2200,-31.000000

3dpoly
0,2300,-22.000000
0,2400,-31.000000
100,2400,-30.062500
100,2300,-33.062500
0,2300,-22.000000

3dpoly
0,2400,-31.000000
0,2500,-21.000000
100,2500,-33.062500
100,2400,-30.062500
0,2400,-31.000000

3dpoly
0,2500,-21.000000
0,2600,-21.000000
100,2600,-21.062500
100,2500,-33.062500
0,2500,-21.000000

3dpoly
0,2600,-21.000000
0,2700,-28.000000
100,2700,-27.062500
100,2600,-21.062500
0,2600,-21.000000

3dpoly
0,2700,-28.000000
0,2800,-39.000000
100,2800,-15.062500
100,2700,-27.062500
0,2700,-28.000000

3dpoly
0,2800,-39.000000
0,2900,-38.000000
100,2900,-15.062500
100,2800,-15.062500
0,2800,-39.000000

3dpoly
0,2900,-38.000000
0,3000,-34.000000
100,3000,-18.031250
100,2900,-15.062500
0,2900,-38.000000

3dpoly
100,0,12.000000
100,100,8.000000
200,100,20.000000
200,0,10.000000
100,0,12.000000

3dpoly
100,100,8.000000
100,200,-4.000000
200,200,19.000000
200,100,20.000000
100,100,8.000000

3dpoly
100,200,-4.000000
100,300,-18.000000
200,300,-0.500000
200,200,19.000000
100,200,-4.000000

3dpoly
100,300,-18.000000
100,400,2.500000
200,400,-14.500000
200,300,-0.500000
100,300,-18.000000

3dpoly
100,400,2.500000
100,500,-9.500000
200,500,-13.500000
200,400,-14.500000
100,400,2.500000

3dpoly
100,500,-9.500000
100,600,-23.500000
200,600,-3.500000
200,500,-13.500000
100,500,-9.500000

3dpoly
100,600,-23.500000
100,700,-12.250000
200,700,2.500000
200,600,-3.500000
100,600,-23.500000

3dpoly
100,700,-12.250000
100,800,-13.250000
200,800,0.500000
200,700,2.500000
100,700,-12.250000

3dpoly
100,800,-13.250000
100,900,-21.250000
200,900,1.500000
200,800,0.500000
100,800,-13.250000

3dpoly
100,900,-21.250000
100,1000,-17.250000
200,1000,-2.500000
200,900,1.500000
100,900,-21.250000

3dpoly
100,1000,-17.250000
100,1100,-28.250000
200,1100,-8.875000
200,1000,-2.500000
100,1000,-17.250000

3dpoly
100,1100,-28.250000
100,1200,-21.125000
200,1200,-4.875000
200,1100,-8.875000
100,1100,-28.250000

3dpoly
100,1200,-21.125000
100,1300,-8.125000
200,1300,-9.875000
200,1200,-4.875000
100,1200,-21.125000

3dpoly
100,1300,-8.125000
100,1400,-17.125000
200,1400,-18.875000
200,1300,-9.875000
100,1300,-8.125000

3dpoly
100,1400,-17.125000
100,1500,-10.125000
200,1500,-9.875000
200,1400,-18.875000
100,1400,-17.125000

3dpoly
100,1500,-10.125000
100,1600,-13.125000
200,1600,-2.875000
200,1500,-9.875000
100,1500,-10.125000

3dpoly
100,1600,-13.125000
100,1700,-24.125000
200,1700,3.125000
200,1600,-2.875000
100,1600,-13.125000

3dpoly
100,1700,-24.125000
100,1800,-22.125000
200,1800,-5.000000
200,1700,3.125000
100,1700,-24.125000

3dpoly
100,1800,-22.125000
100,1900,-20.062500
200,1900,-14.000000
200,1800,-5.000000
100,1800,-22.125000

3dpoly
100,1900,-20.062500
100,2000,-29.062500
200,2000,-3.000000
200,1900,-14.000000
100,1900,-20.062500

3dpoly
100,2000,-29.062500
100,2100,-32.062500
200,2100,-10.000000
200,2000,-3.000000
100,2000,-29.062500

3dpoly
100,2100,-32.062500
100,2200,-31.062500
200,2200,-20.000000
200,2100,-10.000000
100,2100,-32.062500

3dpoly
100,2200,-31.062500
100,2300,-33.062500
200,2300,-24.000000
200,2200,-20.000000
100,2200,-31.062500

3dpoly
100,2300,-33.062500
100,2400,-30.062500
200,2400,-30.000000
200,2300,-24.000000
100,2300,-33.062500

3dpoly
100,2400,-30.062500
100,2500,-33.062500
200,2500,-17.000000
200,2400,-30.000000
100,2400,-30.062500

3dpoly
100,2500,-33.062500
100,2600,-21.062500
200,2600,-11.000000
200,2500,-17.000000
100,2500,-33.062500

3dpoly
100,2600,-21.062500
100,2700,-27.062500
200,2700,-25.000000
200,2600,-11.000000
100,2600,-21.062500

3dpoly
100,2700,-27.062500
100,2800,-15.062500
200,2800,-13.000000
200,2700,-25.000000
100,2700,-27.062500

3dpoly
100,2800,-15.062500
100,2900,-15.062500
200,2900,-21.000000
200,2800,-13.000000
100,2800,-15.062500

3dpoly
100,2900,-15.062500
100,3000,-18.031250
200,3000,-24.000000
200,2900,-21.000000
100,2900,-15.062500

3dpoly
200,0,10.000000
200,100,20.000000
300,100,7.000000
300,0,6.000000
200,0,10.000000

3dpoly
200,100,20.000000
200,200,19.000000
300,200,17.000000
300,100,7.000000
200,100,20.000000

3dpoly
200,200,19.000000
200,300,-0.500000
300,300,10.000000
300,200,17.000000
200,200,19.000000

3dpoly
200,300,-0.500000
200,400,-14.500000
300,400,4.250000
300,300,10.000000
200,300,-0.500000

3dpoly
200,400,-14.500000
200,500,-13.500000
300,500,13.250000
300,400,4.250000
200,400,-14.500000

3dpoly
200,500,-13.500000
200,600,-3.500000
300,600,2.250000
300,500,13.250000
200,500,-13.500000

3dpoly
200,600,-3.500000
200,700,2.500000
300,700,7.250000
300,600,2.250000
200,600,-3.500000

3dpoly
200,700,2.500000
200,800,0.500000
300,800,12.250000
300,700,7.250000
200,700,2.500000

3dpoly
200,800,0.500000
200,900,1.500000
300,900,0.250000
300,800,12.250000
200,800,0.500000

3dpoly
200,900,1.500000
200,1000,-2.500000
300,1000,-12.750000
300,900,0.250000
200,900,1.500000

3dpoly
200,1000,-2.500000
200,1100,-8.875000
300,1100,-7.750000
300,1000,-12.750000
200,1000,-2.500000

3dpoly
200,1100,-8.875000
200,1200,-4.875000
300,1200,-17.750000
300,1100,-7.750000
200,1100,-8.875000

3dpoly
200,1200,-4.875000
200,1300,-9.875000
300,1300,-8.750000
300,1200,-17.750000
200,1200,-4.875000

3dpoly
200,1300,-9.875000
200,1400,-18.875000
300,1400,-14.750000
300,1300,-8.750000
200,1300,-9.875000

3dpoly
200,1400,-18.875000
200,1500,-9.875000
300,1500,-28.750000
300,1400,-14.750000
200,1400,-18.875000

3dpoly
200,1500,-9.875000
200,1600,-2.875000
300,1600,-22.812500
300,1500,-28.750000
200,1500,-9.875000

3dpoly
200,1600,-2.875000
200,1700,3.125000
300,1700,-16.843750
300,1600,-22.812500
200,1600,-2.875000

3dpoly
200,1700,3.125000
200,1800,-5.000000
300,1800,-23.843750
300,1700,-16.843750
200,1700,3.125000

3dpoly
200,1800,-5.000000
200,1900,-14.000000
300,1900,-32.843750
300,1800,-23.843750
200,1800,-5.000000

3dpoly
200,1900,-14.000000
200,2000,-3.000000
300,2000,-20.421875
300,1900,-32.843750
200,1900,-14.000000

3dpoly
200,2000,-3.000000
200,2100,-10.000000
300,2100,-8.421875
300,2000,-20.421875
200,2000,-3.000000

3dpoly
200,2100,-10.000000
200,2200,-20.000000
300,2200,-0.421875
300,2100,-8.421875
200,2100,-10.000000

3dpoly
200,2200,-20.000000
200,2300,-24.000000
300,2300,-11.421875
300,2200,-0.421875
200,2200,-20.000000

3dpoly
200,2300,-24.000000
200,2400,-30.000000
300,2400,-19.421875
300,2300,-11.421875
200,2300,-24.000000

3dpoly
200,2400,-30.000000
200,2500,-17.000000
300,2500,-12.421875
300,2400,-19.421875
200,2400,-30.000000

3dpoly
200,2500,-17.000000
200,2600,-11.000000
300,2600,-2.421875
300,2500,-12.421875
200,2500,-17.000000

3dpoly
200,2600,-11.000000
200,2700,-25.000000
300,2700,2.578125
300,2600,-2.421875
200,2600,-11.000000

3dpoly
200,2700,-25.000000
200,2800,-13.000000
300,2800,-8.421875
300,2700,2.578125
200,2700,-25.000000

3dpoly
200,2800,-13.000000
200,2900,-21.000000
300,2900,-8.421875
300,2800,-8.421875
200,2800,-13.000000

3dpoly
200,2900,-21.000000
200,3000,-24.000000
300,3000,-20.421875
300,2900,-8.421875
200,2900,-21.000000

3dpoly
300,0,6.000000
300,100,7.000000
400,100,5.000000
400,0,18.000000
300,0,6.000000

3dpoly
300,100,7.000000
300,200,17.000000
400,200,2.000000
400,100,5.000000
300,100,7.000000

3dpoly
300,200,17.000000
300,300,10.000000
400,300,-7.000000
400,200,2.000000
300,200,17.000000

3dpoly
300,300,10.000000
300,400,4.250000
400,400,-8.000000
400,300,-7.000000
300,300,10.000000

3dpoly
300,400,4.250000
300,500,13.250000
400,500,-4.000000
400,400,-8.000000
300,400,4.250000

3dpoly
300,500,13.250000
300,600,2.250000
400,600,2.000000
400,500,-4.000000
300,500,13.250000

3dpoly
300,600,2.250000
300,700,7.250000
400,700,-8.000000
400,600,2.000000
300,600,2.250000

3dpoly
300,700,7.250000
300,800,12.250000
400,800,-12.000000
400,700,-8.000000
300,700,7.250000

3dpoly
300,800,12.250000
300,900,0.250000
400,900,-3.000000
400,800,-12.000000
300,800,12.250000

3dpoly
300,900,0.250000
300,1000,-12.750000
400,1000,-11.000000
400,900,-3.000000
300,900,0.250000

3dpoly
300,1000,-12.750000
300,1100,-7.750000
400,1100,-12.000000
400,1000,-11.000000
300,1000,-12.750000

3dpoly
300,1100,-7.750000
300,1200,-17.750000
400,1200,1.000000
400,1100,-12.000000
300,1100,-7.750000

3dpoly
300,1200,-17.750000
300,1300,-8.750000
400,1300,-12.000000
400,1200,1.000000
300,1200,-17.750000

3dpoly
300,1300,-8.750000
300,1400,-14.750000
400,1400,-5.000000
400,1300,-12.000000
300,1300,-8.750000

3dpoly
300,1400,-14.750000
300,1500,-28.750000
400,1500,-8.000000
400,1400,-5.000000
300,1400,-14.750000

3dpoly
300,1500,-28.750000
300,1600,-22.812500
400,1600,-9.000000
400,1500,-8.000000
300,1500,-28.750000

3dpoly
300,1600,-22.812500
300,1700,-16.843750
400,1700,-18.000000
400,1600,-9.000000
300,1600,-22.812500

3dpoly
300,1700,-16.843750
300,1800,-23.843750
400,1800,-13.000000
400,1700,-18.000000
300,1700,-16.843750

3dpoly
300,1800,-23.843750
300,1900,-32.843750
400,1900,-25.000000
400,1800,-13.000000
300,1800,-23.843750

3dpoly
300,1900,-32.843750
300,2000,-20.421875
400,2000,-25.000000
400,1900,-25.000000
300,1900,-32.843750

3dpoly
300,2000,-20.421875
300,2100,-8.421875
400,2100,-22.000000
400,2000,-25.000000
300,2000,-20.421875

3dpoly
300,2100,-8.421875
300,2200,-0.421875
400,2200,-12.000000
400,2100,-22.000000
300,2100,-8.421875

3dpoly
300,2200,-0.421875
300,2300,-11.421875
400,2300,-8.000000
400,2200,-12.000000
300,2200,-0.421875

3dpoly
300,2300,-11.421875
300,2400,-19.421875
400,2400,-14.000000
400,2300,-8.000000
300,2300,-11.421875

3dpoly
300,2400,-19.421875
300,2500,-12.421875
400,2500,-26.000000
400,2400,-14.000000
300,2400,-19.421875

3dpoly
300,2500,-12.421875
300,2600,-2.421875
400,2600,-14.000000
400,2500,-26.000000
300,2500,-12.421875

3dpoly
300,2600,-2.421875
300,2700,2.578125
400,2700,-17.000000
400,2600,-14.000000
300,2600,-2.421875

3dpoly
300,2700,2.578125
300,2800,-8.421875
400,2800,-26.000000
400,2700,-17.000000
300,2700,2.578125

3dpoly
300,2800,-8.421875
300,2900,-8.421875
400,2900,-28.000000
400,2800,-26.000000
300,2800,-8.421875

3dpoly
300,2900,-8.421875
300,3000,-20.421875
400,3000,-17.000000
400,2900,-28.000000
300,2900,-8.421875

3dpoly
400,0,18.000000
400,100,5.000000
500,100,31.000000
500,0,19.000000
400,0,18.000000

3dpoly
400,100,5.000000
400,200,2.000000
500,200,19.500000
500,100,31.000000
400,100,5.000000

3dpoly
400,200,2.000000
400,300,-7.000000
500,300,9.500000
500,200,19.500000
400,200,2.000000

3dpoly
400,300,-7.000000
400,400,-8.000000
500,400,6.500000
500,300,9.500000
400,300,-7.000000

3dpoly
400,400,-8.000000
400,500,-4.000000
500,500,3.500000
500,400,6.500000
400,400,-8.000000

3dpoly
400,500,-4.000000
400,600,2.000000
500,600,14.500000
500,500,3.500000
400,500,-4.000000

3dpoly
400,600,2.000000
400,700,-8.000000
500,700,15.500000
500,600,14.500000
400,600,2.000000

3dpoly
400,700,-8.000000
400,800,-12.000000
500,800,6.500000
500,700,15.500000
400,700,-8.000000

3dpoly
400,800,-12.000000
400,900,-3.000000
500,900,-3.500000
500,800,6.500000
400,800,-12.000000

3dpoly
400,900,-3.000000
400,1000,-11.000000
500,1000,-12.500000
500,900,-3.500000
400,900,-3.000000

3dpoly
400,1000,-11.000000
400,1100,-12.000000
500,1100,-24.500000
500,1000,-12.500000
400,1000,-11.000000

3dpoly
400,1100,-12.000000
400,1200,1.000000
500,1200,-23.500000
500,1100,-24.500000
400,1100,-12.000000

3dpoly
400,1200,1.000000
400,1300,-12.000000
500,1300,-19.500000
500,1200,-23.500000
400,1200,1.000000

3dpoly
400,1300,-12.000000
400,1400,-5.000000
500,1400,-10.500000
500,1300,-19.500000
400,1300,-12.000000

3dpoly
400,1400,-5.000000
400,1500,-8.000000
500,1500,2.500000
500,1400,-10.500000
400,1400,-5.000000

3dpoly
400,1500,-8.000000
400,1600,-9.000000
500,1600,-8.500000
500,1500,2.500000
400,1500,-8.000000

3dpoly
400,1600,-9.000000
400,1700,-18.000000
500,1700,-22.500000
500,1600,-8.500000
400,1600,-9.000000

3dpoly
400,1700,-18.000000
400,1800,-13.000000
500,1800,-34.500000
500,1700,-22.500000
400,1700,-18.000000

3dpoly
400,1800,-13.000000
400,1900,-25.000000
500,1900,-42.500000
500,1800,-34.500000
400,1800,-13.000000

3dpoly
400,1900,-25.000000
400,2000,-25.000000
500,2000,-30.500000
500,1900,-42.500000
400,1900,-25.000000

3dpoly
400,2000,-25.000000
400,2100,-22.000000
500,2100,-41.500000
500,2000,-30.500000
400,2000,-25.000000

3dpoly
400,2100,-22.000000
400,2200,-12.000000
500,2200,-26.750000
500,2100,-41.500000
400,2100,-22.000000

3dpoly
400,2200,-12.000000
400,2300,-8.000000
500,2300,-24.375000
500,2200,-26.750000
400,2200,-12.000000

3dpoly
400,2300,-8.000000
400,2400,-14.000000
500,2400,-15.375000
500,2300,-24.375000
400,2300,-8.000000

3dpoly
400,2400,-14.000000
400,2500,-26.000000
500,2500,-13.375000
500,2400,-15.375000
400,2400,-14.000000

3dpoly
400,2500,-26.000000
400,2600,-14.000000
500,2600,-1.375000
500,2500,-13.375000
400,2500,-26.000000

3dpoly
400,2600,-14.000000
400,2700,-17.000000
500,2700,-9.375000
500,2600,-1.375000
400,2600,-14.000000

3dpoly
400,2700,-17.000000
400,2800,-26.000000
500,2800,-17.375000
500,2700,-9.375000
400,2700,-17.000000

3dpoly
400,2800,-26.000000
400,2900,-28.000000
500,2900,-8.375000
500,2800,-17.375000
400,2800,-26.000000

3dpoly
400,2900,-28.000000
400,3000,-17.000000
500,3000,-18.375000
500,2900,-8.375000
400,2900,-28.000000

3dpoly
500,0,19.000000
500,100,31.000000
600,100,33.000000
600,0,26.000000
500,0,19.000000

3dpoly
500,100,31.000000
500,200,19.500000
600,200,43.000000
600,100,33.000000
500,100,31.000000

3dpoly
500,200,19.500000
500,300,9.500000
600,300,24.250000
600,200,43.000000
500,200,19.500000

3dpoly
500,300,9.500000
500,400,6.500000
600,400,26.250000
600,300,24.250000
500,300,9.500000

3dpoly
500,400,6.500000
500,500,3.500000
600,500,31.250000
600,400,26.250000
500,400,6.500000

3dpoly
500,500,3.500000
500,600,14.500000
600,600,24.250000
600,500,31.250000
500,500,3.500000

3dpoly
500,600,14.500000
500,700,15.500000
600,700,25.250000
600,600,24.250000
500,600,14.500000

3dpoly
500,700,15.500000
500,800,6.500000
600,800,19.250000
600,700,25.250000
500,700,15.500000

3dpoly
500,800,6.500000
500,900,-3.500000
600,900,16.250000
600,800,19.250000
500,800,6.500000

3dpoly
500,900,-3.500000
500,1000,-12.500000
600,1000,5.375000
600,900,16.250000
500,900,-3.500000

3dpoly
500,1000,-12.500000
500,1100,-24.500000
600,1100,1.375000
600,1000,5.375000
500,1000,-12.500000

3dpoly
500,1100,-24.500000
500,1200,-23.500000
600,1200,-2.625000
600,1100,1.375000
500,1100,-24.500000

3dpoly
500,1200,-23.500000
500,1300,-19.500000
600,1300,-5.625000
600,1200,-2.625000
500,1200,-23.500000

3dpoly
500,1300,-19.500000
500,1400,-10.500000
600,1400,-2.625000
600,1300,-5.625000
500,1300,-19.500000

3dpoly
500,1400,-10.500000
500,1500,2.500000
600,1500,4.375000
600,1400,-2.625000
500,1400,-10.500000

3dpoly
500,1500,2.500000
500,1600,-8.500000
600,1600,17.375000
600,1500,4.375000
500,1500,2.500000

3dpoly
500,1600,-8.500000
500,1700,-22.500000
600,1700,4.375000
600,1600,17.375000
500,1600,-8.500000

3dpoly
500,1700,-22.500000
500,1800,-34.500000
600,1800,-10.562500
600,1700,4.375000
500,1700,-22.500000

3dpoly
500,1800,-34.500000
500,1900,-42.500000
600,1900,-19.562500
600,1800,-10.562500
500,1800,-34.500000

3dpoly
500,1900,-42.500000
500,2000,-30.500000
600,2000,-33.562500
600,1900,-19.562500
500,1900,-42.500000

3dpoly
500,2000,-30.500000
500,2100,-41.500000
600,2100,-20.562500
600,2000,-33.562500
500,2000,-30.500000

3dpoly
500,2100,-41.500000
500,2200,-26.750000
600,2200,-31.562500
600,2100,-20.562500
500,2100,-41.500000

3dpoly
500,2200,-26.750000
500,2300,-24.375000
600,2300,-45.562500
600,2200,-31.562500
500,2200,-26.750000

3dpoly
500,2300,-24.375000
500,2400,-15.375000
600,2400,-37.562500
600,2300,-45.562500
500,2300,-24.375000

3dpoly
500,2400,-15.375000
500,2500,-13.375000
600,2500,-31.562500
600,2400,-37.562500
500,2400,-15.375000

3dpoly
500,2500,-13.375000
500,2600,-1.375000
600,2600,-17.968750
600,2500,-31.562500
500,2500,-13.375000

3dpoly
500,2600,-1.375000
500,2700,-9.375000
600,2700,-18.968750
600,2600,-17.968750
500,2600,-1.375000

3dpoly
500,2700,-9.375000
500,2800,-17.375000
600,2800,-22.968750
600,2700,-18.968750
500,2700,-9.375000

3dpoly
500,2800,-17.375000
500,2900,-8.375000
600,2900,-30.968750
600,2800,-22.968750
500,2800,-17.375000

3dpoly
500,2900,-8.375000
500,3000,-18.375000
600,3000,-27.968750
600,2900,-30.968750
500,2900,-8.375000

3dpoly
600,0,26.000000
600,100,33.000000
700,100,24.000000
700,0,27.000000
600,0,26.000000

3dpoly
600,100,33.000000
600,200,43.000000
700,200,35.000000
700,100,24.000000
600,100,33.000000

3dpoly
600,200,43.000000
600,300,24.250000
700,300,46.000000
700,200,35.000000
600,200,43.000000

3dpoly
600,300,24.250000
600,400,26.250000
700,400,43.000000
700,300,46.000000
600,300,24.250000

3dpoly
600,400,26.250000
600,500,31.250000
700,500,46.000000
700,400,43.000000
600,400,26.250000

3dpoly
600,500,31.250000
600,600,24.250000
700,600,48.000000
700,500,46.000000
600,500,31.250000

3dpoly
600,600,24.250000
600,700,25.250000
700,700,42.625000
700,600,48.000000
600,600,24.250000

3dpoly
600,700,25.250000
600,800,19.250000
700,800,37.625000
700,700,42.625000
600,700,25.250000

3dpoly
600,800,19.250000
600,900,16.250000
700,900,34.625000
700,800,37.625000
600,800,19.250000

3dpoly
600,900,16.250000
600,1000,5.375000
700,1000,22.500000
700,900,34.625000
600,900,16.250000

3dpoly
600,1000,5.375000
600,1100,1.375000
700,1100,12.500000
700,1000,22.500000
600,1000,5.375000

3dpoly
600,1100,1.375000
600,1200,-2.625000
700,1200,20.500000
700,1100,12.500000
600,1100,1.375000

3dpoly
600,1200,-2.625000
600,1300,-5.625000
700,1300,21.500000
700,1200,20.500000
600,1200,-2.625000

3dpoly
600,1300,-5.625000
600,1400,-2.625000
700,1400,12.937500
700,1300,21.500000
600,1300,-5.625000

3dpoly
600,1400,-2.625000
600,1500,4.375000
700,1500,13.937500
700,1400,12.937500
600,1400,-2.625000

3dpoly
600,1500,4.375000
600,1600,17.375000
700,1600,25.937500
700,1500,13.937500
600,1500,4.375000

3dpoly
600,1600,17.375000
600,1700,4.375000
700,1700,19.656250
700,1600,25.937500
600,1600,17.375000

3dpoly
600,1700,4.375000
600,1800,-10.562500
700,1800,16.656250
700,1700,19.656250
600,1700,4.375000

3dpoly
600,1800,-10.562500
600,1900,-19.562500
700,1900,-0.953125
700,1800,16.656250
600,1800,-10.562500

3dpoly
600,1900,-19.562500
600,2000,-33.562500
700,2000,-7.953125
700,1900,-0.953125
600,1900,-19.562500

3dpoly
600,2000,-33.562500
600,2100,-20.562500
700,2100,0.046875
700,2000,-7.953125
600,2000,-33.562500

3dpoly
600,2100,-20.562500
600,2200,-31.562500
700,2200,-13.757812
700,2100,0.046875
600,2100,-20.562500

3dpoly
600,2200,-31.562500
600,2300,-45.562500
700,2300,-27.160156
700,2200,-13.757812
600,2200,-31.562500

3dpoly
600,2300,-45.562500
600,2400,-37.562500
700,2400,-41.160156
700,2300,-27.160156
600,2300,-45.562500

3dpoly
600,2400,-37.562500
600,2500,-31.562500
700,2500,-33.160156
700,2400,-41.160156
600,2400,-37.562500

3dpoly
600,2500,-31.562500
600,2600,-17.968750
700,2600,-33.160156
700,2500,-33.160156
600,2500,-31.562500

3dpoly
600,2600,-17.968750
600,2700,-18.968750
700,2700,-34.160156
700,2600,-33.160156
600,2600,-17.968750

3dpoly
600,2700,-18.968750
600,2800,-22.968750
700,2800,-44.160156
700,2700,-34.160156
600,2700,-18.968750

3dpoly
600,2800,-22.968750
600,2900,-30.968750
700,2900,-54.160156
700,2800,-44.160156
600,2800,-22.968750

3dpoly
600,2900,-30.968750
600,3000,-27.968750
700,3000,-54.160156
700,2900,-54.160156
600,2900,-30.968750

3dpoly
700,0,27.000000
700,100,24.000000
800,100,18.000000
800,0,17.000000
700,0,27.000000

3dpoly
700,100,24.000000
700,200,35.000000
800,200,16.000000
800,100,18.000000
700,100,24.000000

3dpoly
700,200,35.000000
700,300,46.000000
800,300,24.500000
800,200,16.000000
700,200,35.000000

3dpoly
700,300,46.000000
700,400,43.000000
800,400,36.500000
800,300,24.500000
700,300,46.000000

3dpoly
700,400,43.000000
700,500,46.000000
800,500,35.500000
800,400,36.500000
700,400,43.000000

3dpoly
700,500,46.000000
700,600,48.000000
800,600,39.500000
800,500,35.500000
700,500,46.000000

3dpoly
700,600,48.000000
700,700,42.625000
800,700,34.500000
800,600,39.500000
700,600,48.000000

3dpoly
700,700,42.625000
700,800,37.625000
800,800,42.500000
800,700,34.500000
700,700,42.625000

3dpoly
700,800,37.625000
700,900,34.625000
800,900,41.500000
800,800,42.500000
700,800,37.625000

3dpoly
700,900,34.625000
700,1000,22.500000
800,1000,39.500000
800,900,41.500000
700,900,34.625000

3dpoly
700,1000,22.500000
700,1100,12.500000
800,1100,35.500000
800,1000,39.500000
700,1000,22.500000

3dpoly
700,1100,12.500000
700,1200,20.500000
800,1200,28.500000
800,1100,35.500000
700,1100,12.500000

3dpoly
700,1200,20.500000
700,1300,21.500000
800,1300,41.500000
800,1200,28.500000
700,1200,20.500000

3dpoly
700,1300,21.500000
700,1400,12.937500
800,1400,31.500000
800,1300,41.500000
700,1300,21.500000

3dpoly
700,1400,12.937500
700,1500,13.937500
800,1500,40.500000
800,1400,31.500000
700,1400,12.937500

3dpoly
700,1500,13.937500
700,1600,25.937500
800,1600,51.500000
800,1500,40.500000
700,1500,13.937500

3dpoly
700,1600,25.937500
700,1700,19.656250
800,1700,48.500000
800,1600,51.500000
700,1600,25.937500

3dpoly
700,1700,19.656250
700,1800,16.656250
800,1800,34.578125
800,1700,48.500000
700,1700,19.656250

3dpoly
700,1800,16.656250
700,1900,-0.953125
800,1900,15.812500
800,1800,34.578125
700,1800,16.656250

3dpoly
700,1900,-0.953125
700,2000,-7.953125
800,2000,3.812500
800,1900,15.812500
700,1900,-0.953125

3dpoly
700,2000,-7.953125
700,2100,0.046875
800,2100,13.812500
800,2000,3.812500
700,2000,-7.953125

3dpoly
700,2100,0.046875
700,2200,-13.757812
800,2200,14.812500
800,2100,13.812500
700,2100,0.046875

3dpoly
700,2200,-13.757812
700,2300,-27.160156
800,2300,-10.673828
800,2200,14.812500
700,2200,-13.757812

3dpoly
700,2300,-27.160156
700,2400,-41.160156
800,2400,-20.916992
800,2300,-10.673828
700,2300,-27.160156

3dpoly
700,2400,-41.160156
700,2500,-33.160156
800,2500,-25.916992
800,2400,-20.916992
700,2400,-41.160156

3dpoly
700,2500,-33.160156
700,2600,-33.160156
800,2600,-19.916992
800,2500,-25.916992
700,2500,-33.160156

3dpoly
700,2600,-33.160156
700,2700,-34.160156
800,2700,-11.916992
800,2600,-19.916992
700,2600,-33.160156

3dpoly
700,2700,-34.160156
700,2800,-44.160156
800,2800,-28.038574
800,2700,-11.916992
700,2700,-34.160156

3dpoly
700,2800,-44.160156
700,2900,-54.160156
800,2900,-36.099365
800,2800,-28.038574
700,2800,-44.160156

3dpoly
700,2900,-54.160156
700,3000,-54.160156
800,3000,-42.099365
800,2900,-36.099365
700,2900,-54.160156

3dpoly
800,0,17.000000
800,100,18.000000
900,100,15.000000
900,0,5.000000
800,0,17.000000

3dpoly
800,100,18.000000
800,200,16.000000
900,200,21.000000
900,100,15.000000
800,100,18.000000

3dpoly
800,200,16.000000
800,300,24.500000
900,300,10.000000
900,200,21.000000
800,200,16.000000

3dpoly
800,300,24.500000
800,400,36.500000
900,400,18.000000
900,300,10.000000
800,300,24.500000

3dpoly
800,400,36.500000
800,500,35.500000
900,500,9.000000
900,400,18.000000
800,400,36.500000

3dpoly
800,500,35.500000
800,600,39.500000
900,600,19.750000
900,500,9.000000
800,500,35.500000

3dpoly
800,600,39.500000
800,700,34.500000
900,700,8.750000
900,600,19.750000
800,600,39.500000

3dpoly
800,700,34.500000
800,800,42.500000
900,800,24.625000
900,700,8.750000
800,700,34.500000

3dpoly
800,800,42.500000
800,900,41.500000
900,900,29.625000
900,800,24.625000
800,800,42.500000

3dpoly
800,900,41.500000
800,1000,39.500000
900,1000,31.625000
900,900,29.625000
800,900,41.500000

3dpoly
800,1000,39.500000
800,1100,35.500000
900,1100,39.625000
900,1000,31.625000
800,1000,39.500000

3dpoly
800,1100,35.500000
800,1200,28.500000
900,1200,35.625000
900,1100,39.625000
800,1100,35.500000

3dpoly
800,1200,28.500000
800,1300,41.500000
900,1300,48.625000
900,1200,35.625000
800,1200,28.500000

3dpoly
800,1300,41.500000
800,1400,31.500000
900,1400,44.625000
900,1300,48.625000
800,1300,41.500000

3dpoly
800,1400,31.500000
800,1500,40.500000
900,1500,35.625000
900,1400,44.625000
800,1400,31.500000

3dpoly
800,1500,40.500000
800,1600,51.500000
900,1600,30.625000
900,1500,35.625000
800,1500,40.500000

3dpoly
800,1600,51.500000
800,1700,48.500000
900,1700,37.625000
900,1600,30.625000
800,1600,51.500000

3dpoly
800,1700,48.500000
800,1800,34.578125
900,1800,30.625000
900,1700,37.625000
800,1700,48.500000

3dpoly
800,1800,34.578125
800,1900,15.812500
900,1900,21.625000
900,1800,30.625000
800,1800,34.578125

3dpoly
800,1900,15.812500
800,2000,3.812500
900,2000,14.625000
900,1900,21.625000
800,1900,15.812500

3dpoly
800,2000,3.812500
800,2100,13.812500
900,2100,3.625000
900,2000,14.625000
800,2000,3.812500

3dpoly
800,2100,13.812500
800,2200,14.812500
900,2200,9.625000
900,2100,3.625000
800,2100,13.812500

3dpoly
800,2200,14.812500
800,2300,-10.673828
900,2300,8.625000
900,2200,9.625000
800,2200,14.812500

3dpoly
800,2300,-10.673828
800,2400,-20.916992
900,2400,6.625000
900,2300,8.625000
800,2300,-10.673828

3dpoly
800,2400,-20.916992
800,2500,-25.916992
900,2500,-9.645996
900,2400,6.625000
800,2400,-20.916992

3dpoly
800,2500,-25.916992
800,2600,-19.916992
900,2600,-18.645996
900,2500,-9.645996
800,2500,-25.916992

3dpoly
800,2600,-19.916992
800,2700,-11.916992
900,2700,-26.645996
900,2600,-18.645996
800,2600,-19.916992

3dpoly
800,2700,-11.916992
800,2800,-28.038574
900,2800,-40.645996
900,2700,-26.645996
800,2700,-11.916992

3dpoly
800,2800,-28.038574
800,2900,-36.099365
900,2900,-53.645996
900,2800,-40.645996
800,2800,-28.038574

3dpoly
800,2900,-36.099365
800,3000,-42.099365
900,3000,-53.645996
900,2900,-53.645996
800,2900,-36.099365

3dpoly
900,0,5.000000
900,100,15.000000
1000,100,4.000000
1000,0,-7.000000
900,0,5.000000

3dpoly
900,100,15.000000
900,200,21.000000
1000,200,-3.000000
1000,100,4.000000
900,100,15.000000

3dpoly
900,200,21.000000
900,300,10.000000
1000,300,0.000000
1000,200,-3.000000
900,200,21.000000

3dpoly
900,300,10.000000
900,400,18.000000
1000,400,-10.000000
1000,300,0.000000
900,300,10.000000

3dpoly
900,400,18.000000
900,500,9.000000
1000,500,0.000000
1000,400,-10.000000
900,400,18.000000

3dpoly
900,500,9.000000
900,600,19.750000
1000,600,-7.000000
1000,500,0.000000
900,500,9.000000

3dpoly
900,600,19.750000
900,700,8.750000
1000,700,-2.000000
1000,600,-7.000000
900,600,19.750000

3dpoly
900,700,8.750000
900,800,24.625000
1000,800,8.312500
1000,700,-2.000000
900,700,8.750000

3dpoly
900,800,24.625000
900,900,29.625000
1000,900,4.312500
1000,800,8.312500
900,800,24.625000

3dpoly
900,900,29.625000
900,1000,31.625000
1000,1000,9.312500
1000,900,4.312500
900,900,29.625000

3dpoly
900,1000,31.625000
900,1100,39.625000
1000,1100,24.968750
1000,1000,9.312500
900,1000,31.625000

3dpoly
900,1100,39.625000
900,1200,35.625000
1000,1200,30.968750
1000,1100,24.968750
900,1100,39.625000

3dpoly
900,1200,35.625000
900,1300,48.625000
1000,1300,19.968750
1000,1200,30.968750
900,1200,35.625000

3dpoly
900,1300,48.625000
900,1400,44.625000
1000,1400,30.968750
1000,1300,19.968750
900,1300,48.625000

3dpoly
900,1400,44.625000
900,1500,35.625000
1000,1500,42.968750
1000,1400,30.968750
900,1400,44.625000

3dpoly
900,1500,35.625000
900,1600,30.625000
1000,1600,40.968750
1000,1500,42.968750
900,1500,35.625000

3dpoly
900,1600,30.625000
900,1700,37.625000
1000,1700,29.968750
1000,1600,40.968750
900,1600,30.625000

3dpoly
900,1700,37.625000
900,1800,30.625000
1000,1800,32.968750
1000,1700,29.968750
900,1700,37.625000

3dpoly
900,1800,30.625000
900,1900,21.625000
1000,1900,19.968750
1000,1800,32.968750
900,1800,30.625000

3dpoly
900,1900,21.625000
900,2000,14.625000
1000,2000,15.968750
1000,1900,19.968750
900,1900,21.625000

3dpoly
900,2000,14.625000
900,2100,3.625000
1000,2100,22.968750
1000,2000,15.968750
900,2000,14.625000

3dpoly
900,2100,3.625000
900,2200,9.625000
1000,2200,14.968750
1000,2100,22.968750
900,2100,3.625000

3dpoly
900,2200,9.625000
900,2300,8.625000
1000,2300,7.968750
1000,2200,14.968750
900,2200,9.625000

3dpoly
900,2300,8.625000
900,2400,6.625000
1000,2400,-1.031250
1000,2300,7.968750
900,2300,8.625000

3dpoly
900,2400,6.625000
900,2500,-9.645996
1000,2500,4.968750
1000,2400,-1.031250
900,2400,6.625000

3dpoly
900,2500,-9.645996
900,2600,-18.645996
1000,2600,2.968750
1000,2500,4.968750
900,2500,-9.645996

3dpoly
900,2600,-18.645996
900,2700,-26.645996
1000,2700,-7.338623
1000,2600,2.968750
900,2600,-18.645996

3dpoly
900,2700,-26.645996
900,2800,-40.645996
1000,2800,-17.338623
1000,2700,-7.338623
900,2700,-26.645996

3dpoly
900,2800,-40.645996
900,2900,-53.645996
1000,2900,-29.492310
1000,2800,-17.338623
900,2800,-40.645996

3dpoly
900,2900,-53.645996
900,3000,-53.645996
1000,3000,-34.492310
1000,2900,-29.492310
900,2900,-53.645996

3dpoly
1000,0,-7.000000
1000,100,4.000000
1100,100,-10.000000
1100,0,-3.000000
1000,0,-7.000000

3dpoly
1000,100,4.000000
1000,200,-3.000000
1100,200,-8.000000
1100,100,-10.000000
1000,100,4.000000

3dpoly
1000,200,-3.000000
1000,300,0.000000
1100,300,-3.000000
1100,200,-8.000000
1000,200,-3.000000

3dpoly
1000,300,0.000000
1000,400,-10.000000
1100,400,-6.000000
1100,300,-3.000000
1000,300,0.000000

3dpoly
1000,400,-10.000000
1000,500,0.000000
1100,500,5.000000
1100,400,-6.000000
1000,400,-10.000000

3dpoly
1000,500,0.000000
1000,600,-7.000000
1100,600,17.000000
1100,500,5.000000
1000,500,0.000000

3dpoly
1000,600,-7.000000
1000,700,-2.000000
1100,700,18.000000
1100,600,17.000000
1000,600,-7.000000

3dpoly
1000,700,-2.000000
1000,800,8.312500
1100,800,21.000000
1100,700,18.000000
1000,700,-2.000000

3dpoly
1000,800,8.312500
1000,900,4.312500
1100,900,15.000000
1100,800,21.000000
1000,800,8.312500

3dpoly
1000,900,4.312500
1000,1000,9.312500
1100,1000,7.000000
1100,900,15.000000
1000,900,4.312500

3dpoly
1000,1000,9.312500
1000,1100,24.968750
1100,1100,-3.000000
1100,1000,7.000000
1000,1000,9.312500

3dpoly
1000,1100,24.968750
1000,1200,30.968750
1100,1200,7.484375
1100,1100,-3.000000
1000,1100,24.968750

3dpoly
1000,1200,30.968750
1000,1300,19.968750
1100,1300,14.484375
1100,1200,7.484375
1000,1200,30.968750

3dpoly
1000,1300,19.968750
1000,1400,30.968750
1100,1400,14.484375
1100,1300,14.484375
1000,1300,19.968750

3dpoly
1000,1400,30.968750
1000,1500,42.968750
1100,1500,27.226562
1100,1400,14.484375
1000,1400,30.968750

3dpoly
1000,1500,42.968750
1000,1600,40.968750
1100,1600,30.226562
1100,1500,27.226562
1000,1500,42.968750

3dpoly
1000,1600,40.968750
1000,1700,29.968750
1100,1700,17.226562
1100,1600,30.226562
1000,1600,40.968750

3dpoly
1000,1700,29.968750
1000,1800,32.968750
1100,1800,18.097656
1100,1700,17.226562
1000,1700,29.968750

3dpoly
1000,1800,32.968750
1000,1900,19.968750
1100,1900,23.097656
1100,1800,18.097656
1000,1800,32.968750

3dpoly
1000,1900,19.968750
1000,2000,15.968750
1100,2000,20.097656
1100,1900,23.097656
1000,1900,19.968750

3dpoly
1000,2000,15.968750
1000,2100,22.968750
1100,2100,11.097656
1100,2000,20.097656
1000,2000,15.968750

3dpoly
1000,2100,22.968750
1000,2200,14.968750
1100,2200,6.097656
1100,2100,11.097656
1000,2100,22.968750

3dpoly
1000,2200,14.968750
1000,2300,7.968750
1100,2300,11.097656
1100,2200,6.097656
1000,2200,14.968750

3dpoly
1000,2300,7.968750
1000,2400,-1.031250
1100,2400,19.097656
1100,2300,11.097656
1000,2300,7.968750

3dpoly
1000,2400,-1.031250
1000,2500,4.968750
1100,2500,6.097656
1100,2400,19.097656
1000,2400,-1.031250

3dpoly
1000,2500,4.968750
1000,2600,2.968750
1100,2600,7.097656
1100,2500,6.097656
1000,2500,4.968750

3dpoly
1000,2600,2.968750
1000,2700,-7.338623
1100,2700,10.097656
1100,2600,7.097656
1000,2600,2.968750

3dpoly
1000,2700,-7.338623
1000,2800,-17.338623
1100,2800,1.097656
1100,2700,10.097656
1000,2700,-7.338623

3dpoly
1000,2800,-17.338623
1000,2900,-29.492310
1100,2900,-14.697327
1100,2800,1.097656
1000,2800,-17.338623

3dpoly
1000,2900,-29.492310
1000,3000,-34.492310
1100,3000,-18.094818
1100,2900,-14.697327
1000,2900,-29.492310

3dpoly
1100,0,-3.000000
1100,100,-10.000000
1200,100,-3.000000
1200,0,-10.000000
1100,0,-3.000000

3dpoly
1100,100,-10.000000
1100,200,-8.000000
1200,200,10.000000
1200,100,-3.000000
1100,100,-10.000000

3dpoly
1100,200,-8.000000
1100,300,-3.000000
1200,300,22.000000
1200,200,10.000000
1100,200,-8.000000

3dpoly
1100,300,-3.000000
1100,400,-6.000000
1200,400,9.000000
1200,300,22.000000
1100,300,-3.000000

3dpoly
1100,400,-6.000000
1100,500,5.000000
1200,500,3.000000
1200,400,9.000000
1100,400,-6.000000

3dpoly
1100,500,5.000000
1100,600,17.000000
1200,600,14.000000
1200,500,3.000000
1100,500,5.000000

3dpoly
1100,600,17.000000
1100,700,18.000000
1200,700,3.000000
1200,600,14.000000
1100,600,17.000000

3dpoly
1100,700,18.000000
1100,800,21.000000
1200,800,15.000000
1200,700,3.000000
1100,700,18.000000

3dpoly
1100,800,21.000000
1100,900,15.000000
1200,900,18.000000
1200,800,15.000000
1100,800,21.000000

3dpoly
1100,900,15.000000
1100,1000,7.000000
1200,1000,26.000000
1200,900,18.000000
1100,900,15.000000

3dpoly
1100,1000,7.000000
1100,1100,-3.000000
1200,1100,11.500000
1200,1000,26.000000
1100,1000,7.000000

3dpoly
1100,1100,-3.000000
1100,1200,7.484375
1200,1200,15.500000
1200,1100,11.500000
1100,1100,-3.000000

3dpoly
1100,1200,7.484375
1100,1300,14.484375
1200,1300,28.500000
1200,1200,15.500000
1100,1200,7.484375

3dpoly
1100,1300,14.484375
1100,1400,14.484375
1200,1400,14.500000
1200,1300,28.500000
1100,1300,14.484375

3dpoly
1100,1400,14.484375
1100,1500,27.226562
1200,1500,1.500000
1200,1400,14.500000
1100,1400,14.484375

3dpoly
1100,1500,27.226562
1100,1600,30.226562
1200,1600,4.500000
1200,1500,1.500000
1100,1500,27.226562

3dpoly
1100,1600,30.226562
1100,1700,17.226562
1200,1700,-8.500000
1200,1600,4.500000
1100,1600,30.226562

3dpoly
1100,1700,17.226562
1100,1800,18.097656
1200,1800,-8.500000
1200,1700,-8.500000
1100,1700,17.226562

3dpoly
1100,1800,18.097656
1100,1900,23.097656
1200,1900,-2.500000
1200,1800,-8.500000
1100,1800,18.097656

3dpoly
1100,1900,23.097656
1100,2000,20.097656
1200,2000,8.500000
1200,1900,-2.500000
1100,1900,23.097656

3dpoly
1100,2000,20.097656
1100,2100,11.097656
1200,2100,13.500000
1200,2000,8.500000
1100,2000,20.097656

3dpoly
1100,2100,11.097656
1100,2200,6.097656
1200,2200,0.500000
1200,2100,13.500000
1100,2100,11.097656

3dpoly
1100,2200,6.097656
1100,2300,11.097656
1200,2300,-13.500000
1200,2200,0.500000
1100,2200,6.097656

3dpoly
1100,2300,11.097656
1100,2400,19.097656
1200,2400,-1.500000
1200,2300,-13.500000
1100,2300,11.097656

3dpoly
1100,2400,19.097656
1100,2500,6.097656
1200,2500,-1.500000
1200,2400,-1.500000
1100,2400,19.097656

3dpoly
1100,2500,6.097656
1100,2600,7.097656
1200,2600,-0.500000
1200,2500,-1.500000
1100,2500,6.097656

3dpoly
1100,2600,7.097656
1100,2700,10.097656
1200,2700,0.500000
1200,2600,-0.500000
1100,2600,7.097656

3dpoly
1100,2700,10.097656
1100,2800,1.097656
1200,2800,-10.500000
1200,2700,0.500000
1100,2700,10.097656

3dpoly
1100,2800,1.097656
1100,2900,-14.697327
1200,2900,-11.500000
1200,2800,-10.500000
1100,2800,1.097656

3dpoly
1100,2900,-14.697327
1100,3000,-18.094818
1200,3000,0.500000
1200,2900,-11.500000
1100,2900,-14.697327

3dpoly
1200,0,-10.000000
1200,100,-3.000000
1300,100,-10.000000
1300,0,-14.000000
1200,0,-10.000000

3dpoly
1200,100,-3.000000
1200,200,10.000000
1300,200,-14.000000
1300,100,-10.000000
1200,100,-3.000000

3dpoly
1200,200,10.000000
1200,300,22.000000
1300,300,1.000000
1300,200,-14.000000
1200,200,10.000000

3dpoly
1200,300,22.000000
1200,400,9.000000
1300,400,-7.000000
1300,300,1.000000
1200,300,22.000000

3dpoly
1200,400,9.000000
1200,500,3.000000
1300,500,-3.000000
1300,400,-7.000000
1200,400,9.000000

3dpoly
1200,500,3.000000
1200,600,14.000000
1300,600,0.000000
1300,500,-3.000000
1200,500,3.000000

3dpoly
1200,600,14.000000
1200,700,3.000000
1300,700,8.000000
1300,600,0.000000
1200,600,14.000000

3dpoly
1200,700,3.000000
1200,800,15.000000
1300,800,10.000000
1300,700,8.000000
1200,700,3.000000

3dpoly
1200,800,15.000000
1200,900,18.000000
1300,900,3.000000
1300,800,10.000000
1200,800,15.000000

3dpoly
1200,900,18.000000
1200,1000,26.000000
1300,1000,7.500000
1300,900,3.000000
1200,900,18.000000

3dpoly
1200,1000,26.000000
1200,1100,11.500000
1300,1100,-3.500000
1300,1000,7.500000
1200,1000,26.000000

3dpoly
1200,1100,11.500000
1200,1200,15.500000
1300,1200,7.500000
1300,1100,-3.500000
1200,1100,11.500000

3dpoly
1200,1200,15.500000
1200,1300,28.500000
1300,1300,20.500000
1300,1200,7.500000
1200,1200,15.500000

3dpoly
1200,1300,28.500000
1200,1400,14.500000
1300,1400,21.500000
1300,1300,20.500000
1200,1300,28.500000

3dpoly
1200,1400,14.500000
1200,1500,1.500000
1300,1500,18.500000
1300,1400,21.500000
1200,1400,14.500000

3dpoly
1200,1500,1.500000
1200,1600,4.500000
1300,1600,4.500000
1300,1500,18.500000
1200,1500,1.500000

3dpoly
1200,1600,4.500000
1200,1700,-8.500000
1300,1700,7.500000
1300,1600,4.500000
1200,1600,4.500000

3dpoly
1200,1700,-8.500000
1200,1800,-8.500000
1300,1800,2.500000
1300,1700,7.500000
1200,1700,-8.500000

3dpoly
1200,1800,-8.500000
1200,1900,-2.500000
1300,1900,8.500000
1300,1800,2.500000
1200,1800,-8.500000

3dpoly
1200,1900,-2.500000
1200,2000,8.500000
1300,2000,8.500000
1300,1900,8.500000
1200,1900,-2.500000

3dpoly
1200,2000,8.500000
1200,2100,13.500000
1300,2100,6.500000
1300,2000,8.500000
1200,2000,8.500000

3dpoly
1200,2100,13.500000
1200,2200,0.500000
1300,2200,-2.500000
1300,2100,6.500000
1200,2100,13.500000

3dpoly
1200,2200,0.500000
1200,2300,-13.500000
1300,2300,9.500000
1300,2200,-2.500000
1200,2200,0.500000

3dpoly
1200,2300,-13.500000
1200,2400,-1.500000
1300,2400,5.500000
1300,2300,9.500000
1200,2300,-13.500000

3dpoly
1200,2400,-1.500000
1200,2500,-1.500000
1300,2500,10.500000
1300,2400,5.500000
1200,2400,-1.500000

3dpoly
1200,2500,-1.500000
1200,2600,-0.500000
1300,2600,9.500000
1300,2500,10.500000
1200,2500,-1.500000

3dpoly
1200,2600,-0.500000
1200,2700,0.500000
1300,2700,5.500000
1300,2600,9.500000
1200,2600,-0.500000

3dpoly
1200,2700,0.500000
1200,2800,-10.500000
1300,2800,-2.500000
1300,2700,5.500000
1200,2700,0.500000

3dpoly
1200,2800,-10.500000
1200,2900,-11.500000
1300,2900,-6.500000
1300,2800,-2.500000
1200,2800,-10.500000

3dpoly
1200,2900,-11.500000
1200,3000,0.500000
1300,3000,-12.500000
1300,2900,-6.500000
1200,2900,-11.500000

3dpoly
1300,0,-14.000000
1300,100,-10.000000
1400,100,-26.000000
1400,0,-12.000000
1300,0,-14.000000

3dpoly
1300,100,-10.000000
1300,200,-14.000000
1400,200,-22.000000
1400,100,-26.000000
1300,100,-10.000000

3dpoly
1300,200,-14.000000
1300,300,1.000000
1400,300,-11.000000
1400,200,-22.000000
1300,200,-14.000000

3dpoly
1300,300,1.000000
1300,400,-7.000000
1400,400,-18.000000
1400,300,-11.000000
1300,300,1.000000

3dpoly
1300,400,-7.000000
1300,500,-3.000000
1400,500,-11.000000
1400,400,-18.000000
1300,400,-7.000000

3dpoly
1300,500,-3.000000
1300,600,0.000000
1400,600,-11.000000
1400,500,-11.000000
1300,500,-3.000000

3dpoly
1300,600,0.000000
1300,700,8.000000
1400,700,-12.000000
1400,600,-11.000000
1300,600,0.000000

3dpoly
1300,700,8.000000
1300,800,10.000000
1400,800,-17.000000
1400,700,-12.000000
1300,700,8.000000

3dpoly
1300,800,10.000000
1300,900,3.000000
1400,900,-11.500000
1400,800,-17.000000
1300,800,10.000000

3dpoly
1300,900,3.000000
1300,1000,7.500000
1400,1000,-0.500000
1400,900,-11.500000
1300,900,3.000000

3dpoly
1300,1000,7.500000
1300,1100,-3.500000
1400,1100,9.500000
1400,1000,-0.500000
1300,1000,7.500000

3dpoly
1300,1100,-3.500000
1300,1200,7.500000
1400,1200,-1.500000
1400,1100,9.500000
1300,1100,-3.500000

3dpoly
1300,1200,7.500000
1300,1300,20.500000
1400,1300,8.500000
1400,1200,-1.500000
1300,1200,7.500000

3dpoly
1300,1300,20.500000
1300,1400,21.500000
1400,1400,6.500000
1400,1300,8.500000
1300,1300,20.500000

3dpoly
1300,1400,21.500000
1300,1500,18.500000
1400,1500,18.500000
1400,1400,6.500000
1300,1400,21.500000

3dpoly
1300,1500,18.500000
1300,1600,4.500000
1400,1600,13.500000
1400,1500,18.500000
1300,1500,18.500000

3dpoly
1300,1600,4.500000
1300,1700,7.500000
1400,1700,12.500000
1400,1600,13.500000
1300,1600,4.500000

3dpoly
1300,1700,7.500000
1300,1800,2.500000
1400,1800,17.500000
1400,1700,12.500000
1300,1700,7.500000

3dpoly
1300,1800,2.500000
1300,1900,8.500000
1400,1900,16.500000
1400,1800,17.500000
1300,1800,2.500000

3dpoly
1300,1900,8.500000
1300,2000,8.500000
1400,2000,13.500000
1400,1900,16.500000
1300,1900,8.500000

3dpoly
1300,2000,8.500000
1300,2100,6.500000
1400,2100,2.500000
1400,2000,13.500000
1300,2000,8.500000

3dpoly
1300,2100,6.500000
1300,2200,-2.500000
1400,2200,7.500000
1400,2100,2.500000
1300,2100,6.500000

3dpoly
1300,2200,-2.500000
1300,2300,9.500000
1400,2300,2.500000
1400,2200,7.500000
1300,2200,-2.500000

3dpoly
1300,2300,9.500000
1300,2400,5.500000
1400,2400,14.500000
1400,2300,2.500000
1300,2300,9.500000

3dpoly
1300,2400,5.500000
1300,2500,10.500000
1400,2500,22.500000
1400,2400,14.500000
1300,2400,5.500000

3dpoly
1300,2500,10.500000
1300,2600,9.500000
1400,2600,30.500000
1400,2500,22.500000
1300,2500,10.500000

3dpoly
1300,2600,9.500000
1300,2700,5.500000
1400,2700,24.500000
1400,2600,30.500000
1300,2600,9.500000

3dpoly
1300,2700,5.500000
1300,2800,-2.500000
1400,2800,11.500000
1400,2700,24.500000
1300,2700,5.500000

3dpoly
1300,2800,-2.500000
1300,2900,-6.500000
1400,2900,2.500000
1400,2800,11.500000
1300,2800,-2.500000

3dpoly
1300,2900,-6.500000
1300,3000,-12.500000
1400,3000,-11.500000
1400,2900,2.500000
1300,2900,-6.500000

3dpoly
1400,0,-12.000000
1400,100,-26.000000
1500,100,-22.000000
1500,0,-25.000000
1400,0,-12.000000

3dpoly
1400,100,-26.000000
1400,200,-22.000000
1500,200,-17.000000
1500,100,-22.000000
1400,100,-26.000000

3dpoly
1400,200,-22.000000
1400,300,-11.000000
1500,300,-5.000000
1500,200,-17.000000
1400,200,-22.000000

3dpoly
1400,300,-11.000000
1400,400,-18.000000
1500,400,5.000000
1500,300,-5.000000
1400,300,-11.000000

3dpoly
1400,400,-18.000000
1400,500,-11.000000
1500,500,15.000000
1500,400,5.000000
1400,400,-18.000000

3dpoly
1400,500,-11.000000
1400,600,-11.000000
1500,600,7.500000
1500,500,15.000000
1400,500,-11.000000

3dpoly
1400,600,-11.000000
1400,700,-12.000000
1500,700,14.500000
1500,600,7.500000
1400,600,-11.000000

3dpoly
1400,700,-12.000000
1400,800,-17.000000
1500,800,5.500000
1500,700,14.500000
1400,700,-12.000000

3dpoly
1400,800,-17.000000
1400,900,-11.500000
1500,900,-6.500000
1500,800,5.500000
1400,800,-17.000000

3dpoly
1400,900,-11.500000
1400,1000,-0.500000
1500,1000,-2.500000
1500,900,-6.500000
1400,900,-11.500000

3dpoly
1400,1000,-0.500000
1400,1100,9.500000
1500,1100,-2.500000
1500,1000,-2.500000
1400,1000,-0.500000

3dpoly
1400,1100,9.500000
1400,1200,-1.500000
1500,1200,0.500000
1500,1100,-2.500000
1400,1100,9.500000

3dpoly
1400,1200,-1.500000
1400,1300,8.500000
1500,1300,13.500000
1500,1200,0.500000
1400,1200,-1.500000

3dpoly
1400,1300,8.500000
1400,1400,6.500000
1500,1400,25.500000
1500,1300,13.500000
1400,1300,8.500000

3dpoly
1400,1400,6.500000
1400,1500,18.500000
1500,1500,38.500000
1500,1400,25.500000
1400,1400,6.500000

3dpoly
1400,1500,18.500000
1400,1600,13.500000
1500,1600,32.500000
1500,1500,38.500000
1400,1500,18.500000

3dpoly
1400,1600,13.500000
1400,1700,12.500000
1500,1700,29.500000
1500,1600,32.500000
1400,1600,13.500000

3dpoly
1400,1700,12.500000
1400,1800,17.500000
1500,1800,33.500000
1500,1700,29.500000
1400,1700,12.500000

3dpoly
1400,1800,17.500000
1400,1900,16.500000
1500,1900,40.500000
1500,1800,33.500000
1400,1800,17.500000

3dpoly
1400,1900,16.500000
1400,2000,13.500000
1500,2000,32.500000
1500,1900,40.500000
1400,1900,16.500000

3dpoly
1400,2000,13.500000
1400,2100,2.500000
1500,2100,24.500000
1500,2000,32.500000
1400,2000,13.500000

3dpoly
1400,2100,2.500000
1400,2200,7.500000
1500,2200,34.500000
1500,2100,24.500000
1400,2100,2.500000

3dpoly
1400,2200,7.500000
1400,2300,2.500000
1500,2300,19.000000
1500,2200,34.500000
1400,2200,7.500000

3dpoly
1400,2300,2.500000
1400,2400,14.500000
1500,2400,9.000000
1500,2300,19.000000
1400,2300,2.500000

3dpoly
1400,2400,14.500000
1400,2500,22.500000
1500,2500,-2.000000
1500,2400,9.000000
1400,2400,14.500000

3dpoly
1400,2500,22.500000
1400,2600,30.500000
1500,2600,5.000000
1500,2500,-2.000000
1400,2500,22.500000

3dpoly
1400,2600,30.500000
1400,2700,24.500000
1500,2700,3.000000
1500,2600,5.000000
1400,2600,30.500000

3dpoly
1400,2700,24.500000
1400,2800,11.500000
1500,2800,5.000000
1500,2700,3.000000
1400,2700,24.500000

3dpoly
1400,2800,11.500000
1400,2900,2.500000
1500,2900,1.000000
1500,2800,5.000000
1400,2800,11.500000

3dpoly
1400,2900,2.500000
1400,3000,-11.500000
1500,3000,-1.000000
1500,2900,1.000000
1400,2900,2.500000

3dpoly
1500,0,-25.000000
1500,100,-22.000000
1600,100,-36.000000
1600,0,-22.000000
1500,0,-25.000000

3dpoly
1500,100,-22.000000
1500,200,-17.000000
1600,200,-35.000000
1600,100,-36.000000
1500,100,-22.000000

3dpoly
1500,200,-17.000000
1500,300,-5.000000
1600,300,-27.000000
1600,200,-35.000000
1500,200,-17.000000

3dpoly
1500,300,-5.000000
1500,400,5.000000
1600,400,-17.000000
1600,300,-27.000000
1500,300,-5.000000

3dpoly
1500,400,5.000000
1500,500,15.000000
1600,500,-2.500000
1600,400,-17.000000
1500,400,5.000000

3dpoly
1500,500,15.000000
1500,600,7.500000
1600,600,-7.500000
1600,500,-2.500000
1500,500,15.000000

3dpoly
1500,600,7.500000
1500,700,14.500000
1600,700,-2.500000
1600,600,-7.500000
1500,600,7.500000

3dpoly
1500,700,14.500000
1500,800,5.500000
1600,800,-15.500000
1600,700,-2.500000
1500,700,14.500000

3dpoly
1500,800,5.500000
1500,900,-6.500000
1600,900,-18.500000
1600,800,-15.500000
1500,800,5.500000

3dpoly
1500,900,-6.500000
1500,1000,-2.500000
1600,1000,-12.500000
1600,900,-18.500000
1500,900,-6.500000

3dpoly
1500,1000,-2.500000
1500,1100,-2.500000
1600,1100,0.500000
1600,1000,-12.500000
1500,1000,-2.500000

3dpoly
1500,1100,-2.500000
1500,1200,0.500000
1600,1200,-0.500000
1600,1100,0.500000
1500,1100,-2.500000

3dpoly
1500,1200,0.500000
1500,1300,13.500000
1600,1300,4.500000
1600,1200,-0.500000
1500,1200,0.500000

3dpoly
1500,1300,13.500000
1500,1400,25.500000
1600,1400,-0.500000
1600,1300,4.500000
1500,1300,13.500000

3dpoly
1500,1400,25.500000
1500,1500,38.500000
1600,1500,24.000000
1600,1400,-0.500000
1500,1400,25.500000

3dpoly
1500,1500,38.500000
1500,1600,32.500000
1600,1600,21.000000
1600,1500,24.000000
1500,1500,38.500000

3dpoly
1500,1600,32.500000
1500,1700,29.500000
1600,1700,27.000000
1600,1600,21.000000
1500,1600,32.500000

3dpoly
1500,1700,29.500000
1500,1800,33.500000
1600,1800,40.000000
1600,1700,27.000000
1500,1700,29.500000

3dpoly
1500,1800,33.500000
1500,1900,40.500000
1600,1900,43.000000
1600,1800,40.000000
1500,1800,33.500000

3dpoly
1500,1900,40.500000
1500,2000,32.500000
1600,2000,39.000000
1600,1900,43.000000
1500,1900,40.500000

3dpoly
1500,2000,32.500000
1500,2100,24.500000
1600,2100,30.000000
1600,2000,39.000000
1500,2000,32.500000

3dpoly
1500,2100,24.500000
1500,2200,34.500000
1600,2200,41.000000
1600,2100,30.000000
1500,2100,24.500000

3dpoly
1500,2200,34.500000
1500,2300,19.000000
1600,2300,35.500000
1600,2200,41.000000
1500,2200,34.500000

3dpoly
1500,2300,19.000000
1500,2400,9.000000
1600,2400,30.500000
1600,2300,35.500000
1500,2300,19.000000

3dpoly
1500,2400,9.000000
1500,2500,-2.000000
1600,2500,13.250000
1600,2400,30.500000
1500,2400,9.000000

3dpoly
1500,2500,-2.000000
1500,2600,5.000000
1600,2600,17.250000
1600,2500,13.250000
1500,2500,-2.000000

3dpoly
1500,2600,5.000000
1500,2700,3.000000
1600,2700,8.250000
1600,2600,17.250000
1500,2600,5.000000

3dpoly
1500,2700,3.000000
1500,2800,5.000000
1600,2800,-5.750000
1600,2700,8.250000
1500,2700,3.000000

3dpoly
1500,2800,5.000000
1500,2900,1.000000
1600,2900,-18.750000
1600,2800,-5.750000
1500,2800,5.000000

3dpoly
1500,2900,1.000000
1500,3000,-1.000000
1600,3000,-16.375000
1600,2900,-18.750000
1500,2900,1.000000

3dpoly
1600,0,-22.000000
1600,100,-36.000000
1700,100,-31.000000
1700,0,-18.000000
1600,0,-22.000000

3dpoly
1600,100,-36.000000
1600,200,-35.000000
1700,200,-28.000000
1700,100,-31.000000
1600,100,-36.000000

3dpoly
1600,200,-35.000000
1600,300,-27.000000
1700,300,-40.000000
1700,200,-28.000000
1600,200,-35.000000

3dpoly
1600,300,-27.000000
1600,400,-17.000000
1700,400,-45.000000
1700,300,-40.000000
1600,300,-27.000000

3dpoly
1600,400,-17.000000
1600,500,-2.500000
1700,500,-24.750000
1700,400,-45.000000
1600,400,-17.000000

3dpoly
1600,500,-2.500000
1600,600,-7.500000
1700,600,-27.750000
1700,500,-24.750000
1600,500,-2.500000

3dpoly
1600,600,-7.500000
1600,700,-2.500000
1700,700,-30.750000
1700,600,-27.750000
1600,600,-7.500000

3dpoly
1600,700,-2.500000
1600,800,-15.500000
1700,800,-19.750000
1700,700,-30.750000
1600,700,-2.500000

3dpoly
1600,800,-15.500000
1600,900,-18.500000
1700,900,-27.750000
1700,800,-19.750000
1600,800,-15.500000

3dpoly
1600,900,-18.500000
1600,1000,-12.500000
1700,1000,-25.750000
1700,900,-27.750000
1600,900,-18.500000

3dpoly
1600,1000,-12.500000
1600,1100,0.500000
1700,1100,-15.750000
1700,1000,-25.750000
1600,1000,-12.500000

3dpoly
1600,1100,0.500000
1600,1200,-0.500000
1700,1200,-26.750000
1700,1100,-15.750000
1600,1100,0.500000

3dpoly
1600,1200,-0.500000
1600,1300,4.500000
1700,1300,-14.625000
1700,1200,-26.750000
1600,1200,-0.500000

3dpoly
1600,1300,4.500000
1600,1400,-0.500000
1700,1400,-23.625000
1700,1300,-14.625000
1600,1300,4.500000

3dpoly
1600,1400,-0.500000
1600,1500,24.000000
1700,1500,-6.812500
1700,1400,-23.625000
1600,1400,-0.500000

3dpoly
1600,1500,24.000000
1600,1600,21.000000
1700,1600,1.593750
1700,1500,-6.812500
1600,1500,24.000000

3dpoly
1600,1600,21.000000
1600,1700,27.000000
1700,1700,11.796875
1700,1600,1.593750
1600,1600,21.000000

3dpoly
1600,1700,27.000000
1600,1800,40.000000
1700,1800,24.796875
1700,1700,11.796875
1600,1700,27.000000

3dpoly
1600,1800,40.000000
1600,1900,43.000000
1700,1900,14.796875
1700,1800,24.796875
1600,1800,40.000000

3dpoly
1600,1900,43.000000
1600,2000,39.000000
1700,2000,19.796875
1700,1900,14.796875
1600,1900,43.000000

3dpoly
1600,2000,39.000000
1600,2100,30.000000
1700,2100,21.796875
1700,2000,19.796875
1600,2000,39.000000

3dpoly
1600,2100,30.000000
1600,2200,41.000000
1700,2200,24.898438
1700,2100,21.796875
1600,2100,30.000000

3dpoly
1600,2200,41.000000
1600,2300,35.500000
1700,2300,26.898438
1700,2200,24.898438
1600,2200,41.000000

3dpoly
1600,2300,35.500000
1600,2400,30.500000
1700,2400,21.898438
1700,2300,26.898438
1600,2300,35.500000

3dpoly
1600,2400,30.500000
1600,2500,13.250000
1700,2500,21.898438
1700,2400,21.898438
1600,2400,30.500000

3dpoly
1600,2500,13.250000
1600,2600,17.250000
1700,2600,26.898438
1700,2500,21.898438
1600,2500,13.250000

3dpoly
1600,2600,17.250000
1600,2700,8.250000
1700,2700,26.898438
1700,2600,26.898438
1600,2600,17.250000

3dpoly
1600,2700,8.250000
1600,2800,-5.750000
1700,2800,16.574219
1700,2700,26.898438
1600,2700,8.250000

3dpoly
1600,2800,-5.750000
1600,2900,-18.750000
1700,2900,1.912109
1700,2800,16.574219
1600,2800,-5.750000

3dpoly
1600,2900,-18.750000
1600,3000,-16.375000
1700,3000,-0.731445
1700,2900,1.912109
1600,2900,-18.750000

3dpoly
1700,0,-18.000000
1700,100,-31.000000
1800,100,-25.000000
1800,0,-32.000000
1700,0,-18.000000

3dpoly
1700,100,-31.000000
1700,200,-28.000000
1800,200,-23.000000
1800,100,-25.000000
1700,100,-31.000000

3dpoly
1700,200,-28.000000
1700,300,-40.000000
1800,300,-35.000000
1800,200,-23.000000
1700,200,-28.000000

3dpoly
1700,300,-40.000000
1700,400,-45.000000
1800,400,-35.000000
1800,300,-35.000000
1700,300,-40.000000

3dpoly
1700,400,-45.000000
1700,500,-24.750000
1800,500,-36.000000
1800,400,-35.000000
1700,400,-45.000000

3dpoly
1700,500,-24.750000
1700,600,-27.750000
1800,600,-37.000000
1800,500,-36.000000
1700,500,-24.750000

3dpoly
1700,600,-27.750000
1700,700,-30.750000
1800,700,-25.000000
1800,600,-37.000000
1700,600,-27.750000

3dpoly
1700,700,-30.750000
1700,800,-19.750000
1800,800,-29.000000
1800,700,-25.000000
1700,700,-30.750000

3dpoly
1700,800,-19.750000
1700,900,-27.750000
1800,900,-39.000000
1800,800,-29.000000
1700,800,-19.750000

3dpoly
1700,900,-27.750000
1700,1000,-25.750000
1800,1000,-39.000000
1800,900,-39.000000
1700,900,-27.750000

3dpoly
1700,1000,-25.750000
1700,1100,-15.750000
1800,1100,-34.000000
1800,1000,-39.000000
1700,1000,-25.750000

3dpoly
1700,1100,-15.750000
1700,1200,-26.750000
1800,1200,-41.000000
1800,1100,-34.000000
1700,1100,-15.750000

3dpoly
1700,1200,-26.750000
1700,1300,-14.625000
1800,1300,-32.312500
1800,1200,-41.000000
1700,1200,-26.750000

3dpoly
1700,1300,-14.625000
1700,1400,-23.625000
1800,1400,-22.312500
1800,1300,-32.312500
1700,1300,-14.625000

3dpoly
1700,1400,-23.625000
1700,1500,-6.812500
1800,1500,-29.312500
1800,1400,-22.312500
1700,1400,-23.625000

3dpoly
1700,1500,-6.812500
1700,1600,1.593750
1800,1600,-23.312500
1800,1500,-29.312500
1700,1500,-6.812500

3dpoly
1700,1600,1.593750
1700,1700,11.796875
1800,1700,-3.757812
1800,1600,-23.312500
1700,1600,1.593750

3dpoly
1700,1700,11.796875
1700,1800,24.796875
1800,1800,0.242188
1800,1700,-3.757812
1700,1700,11.796875

3dpoly
1700,1800,24.796875
1700,1900,14.796875
1800,1900,10.242188
1800,1800,0.242188
1700,1800,24.796875

3dpoly
1700,1900,14.796875
1700,2000,19.796875
1800,2000,5.242188
1800,1900,10.242188
1700,1900,14.796875

3dpoly
1700,2000,19.796875
1700,2100,21.796875
1800,2100,9.242188
1800,2000,5.242188
1700,2000,19.796875

3dpoly
1700,2100,21.796875
1700,2200,24.898438
1800,2200,5.242188
1800,2100,9.242188
1700,2100,21.796875

3dpoly
1700,2200,24.898438
1700,2300,26.898438
1800,2300,1.242188
1800,2200,5.242188
1700,2200,24.898438

3dpoly
1700,2300,26.898438
1700,2400,21.898438
1800,2400,14.242188
1800,2300,1.242188
1700,2300,26.898438

3dpoly
1700,2400,21.898438
1700,2500,21.898438
1800,2500,24.242188
1800,2400,14.242188
1700,2400,21.898438

3dpoly
1700,2500,21.898438
1700,2600,26.898438
1800,2600,11.242188
1800,2500,24.242188
1700,2500,21.898438

3dpoly
1700,2600,26.898438
1700,2700,26.898438
1800,2700,22.242188
1800,2600,11.242188
1700,2600,26.898438

3dpoly
1700,2700,26.898438
1700,2800,16.574219
1800,2800,14.242188
1800,2700,22.242188
1700,2700,26.898438

3dpoly
1700,2800,16.574219
1700,2900,1.912109
1800,2900,21.242188
1800,2800,14.242188
1700,2800,16.574219

3dpoly
1700,2900,1.912109
1700,3000,-0.731445
1800,3000,15.755371
1800,2900,21.242188
1700,2900,1.912109

3dpoly
1800,0,-32.000000
1800,100,-25.000000
1900,100,-27.000000
1900,0,-39.000000
1800,0,-32.000000

3dpoly
1800,100,-25.000000
1800,200,-23.000000
1900,200,-16.000000
1900,100,-27.000000
1800,100,-25.000000

3dpoly
1800,200,-23.000000
1800,300,-35.000000
1900,300,-21.000000
1900,200,-16.000000
1800,200,-23.000000

3dpoly
1800,300,-35.000000
1800,400,-35.000000
1900,400,-23.000000
1900,300,-21.000000
1800,300,-35.000000

3dpoly
1800,400,-35.000000
1800,500,-36.000000
1900,500,-15.000000
1900,400,-23.000000
1800,400,-35.000000

3dpoly
1800,500,-36.000000
1800,600,-37.000000
1900,600,-22.000000
1900,500,-15.000000
1800,500,-36.000000

3dpoly
1800,600,-37.000000
1800,700,-25.000000
1900,700,-26.000000
1900,600,-22.000000
1800,600,-37.000000

3dpoly
1800,700,-25.000000
1800,800,-29.000000
1900,800,-23.000000
1900,700,-26.000000
1800,700,-25.000000

3dpoly
1800,800,-29.000000
1800,900,-39.000000
1900,900,-26.000000
1900,800,-23.000000
1800,800,-29.000000

3dpoly
1800,900,-39.000000
1800,1000,-39.000000
1900,1000,-32.000000
1900,900,-26.000000
1800,900,-39.000000

3dpoly
1800,1000,-39.000000
1800,1100,-34.000000
1900,1100,-38.000000
1900,1000,-32.000000
1800,1000,-39.000000

3dpoly
1800,1100,-34.000000
1800,1200,-41.000000
1900,1200,-34.000000
1900,1100,-38.000000
1800,1100,-34.000000

3dpoly
1800,1200,-41.000000
1800,1300,-32.312500
1900,1300,-22.000000
1900,1200,-34.000000
1800,1200,-41.000000

3dpoly
1800,1300,-32.312500
1800,1400,-22.312500
1900,1400,-20.000000
1900,1300,-22.000000
1800,1300,-32.312500

3dpoly
1800,1400,-22.312500
1800,1500,-29.312500
1900,1500,-24.000000
1900,1400,-20.000000
1800,1400,-22.312500

3dpoly
1800,1500,-29.312500
1800,1600,-23.312500
1900,1600,-20.000000
1900,1500,-24.000000
1800,1500,-29.312500

3dpoly
1800,1600,-23.312500
1800,1700,-3.757812
1900,1700,-28.000000
1900,1600,-20.000000
1800,1600,-23.312500

3dpoly
1800,1700,-3.757812
1800,1800,0.242188
1900,1800,-14.878906
1900,1700,-28.000000
1800,1700,-3.757812

3dpoly
1800,1800,0.242188
1800,1900,10.242188
1900,1900,-13.878906
1900,1800,-14.878906
1800,1800,0.242188

3dpoly
1800,1900,10.242188
1800,2000,5.242188
1900,2000,-11.878906
1900,1900,-13.878906
1800,1900,10.242188

3dpoly
1800,2000,5.242188
1800,2100,9.242188
1900,2100,-6.818359
1900,2000,-11.878906
1800,2000,5.242188

3dpoly
1800,2100,9.242188
1800,2200,5.242188
1900,2200,4.181641
1900,2100,-6.818359
1800,2100,9.242188

3dpoly
1800,2200,5.242188
1800,2300,1.242188
1900,2300,16.181641
1900,2200,4.181641
1800,2200,5.242188

3dpoly
1800,2300,1.242188
1800,2400,14.242188
1900,2400,16.181641
1900,2300,16.181641
1800,2300,1.242188

3dpoly
1800,2400,14.242188
1800,2500,24.242188
1900,2500,7.181641
1900,2400,16.181641
1800,2400,14.242188

3dpoly
1800,2500,24.242188
1800,2600,11.242188
1900,2600,4.181641
1900,2500,7.181641
1800,2500,24.242188

3dpoly
1800,2600,11.242188
1800,2700,22.242188
1900,2700,14.181641
1900,2600,4.181641
1800,2600,11.242188

3dpoly
1800,2700,22.242188
1800,2800,14.242188
1900,2800,11.181641
1900,2700,14.181641
1800,2700,22.242188

3dpoly
1800,2800,14.242188
1800,2900,21.242188
1900,2900,1.181641
1900,2800,11.181641
1800,2800,14.242188

3dpoly
1800,2900,21.242188
1800,3000,15.755371
1900,3000,-7.818359
1900,2900,1.181641
1800,2900,21.242188

3dpoly
1900,0,-39.000000
1900,100,-27.000000
2000,100,-51.000000
2000,0,-51.000000
1900,0,-39.000000

3dpoly
1900,100,-27.000000
1900,200,-16.000000
2000,200,-33.500000
2000,100,-51.000000
1900,100,-27.000000

3dpoly
1900,200,-16.000000
1900,300,-21.000000
2000,300,-35.500000
2000,200,-33.500000
1900,200,-16.000000

3dpoly
1900,300,-21.000000
1900,400,-23.000000
2000,400,-23.500000
2000,300,-35.500000
1900,300,-21.000000

3dpoly
1900,400,-23.000000
1900,500,-15.000000
2000,500,-28.500000
2000,400,-23.500000
1900,400,-23.000000

3dpoly
1900,500,-15.000000
1900,600,-22.000000
2000,600,-39.500000
2000,500,-28.500000
1900,500,-15.000000

3dpoly
1900,600,-22.000000
1900,700,-26.000000
2000,700,-32.500000
2000,600,-39.500000
1900,600,-22.000000

3dpoly
1900,700,-26.000000
1900,800,-23.000000
2000,800,-20.500000
2000,700,-32.500000
1900,700,-26.000000

3dpoly
1900,800,-23.000000
1900,900,-26.000000
2000,900,-8.500000
2000,800,-20.500000
1900,800,-23.000000

3dpoly
1900,900,-26.000000
1900,1000,-32.000000
2000,1000,-9.500000
2000,900,-8.500000
1900,900,-26.000000

3dpoly
1900,1000,-32.000000
1900,1100,-38.000000
2000,1100,-21.750000
2000,1000,-9.500000
1900,1000,-32.000000

3dpoly
1900,1100,-38.000000
1900,1200,-34.000000
2000,1200,-19.750000
2000,1100,-21.750000
1900,1100,-38.000000

3dpoly
1900,1200,-34.000000
1900,1300,-22.000000
2000,1300,-22.750000
2000,1200,-19.750000
1900,1200,-34.000000

3dpoly
1900,1300,-22.000000
1900,1400,-20.000000
2000,1400,-30.750000
2000,1300,-22.750000
1900,1300,-22.000000

3dpoly
1900,1400,-20.000000
1900,1500,-24.000000
2000,1500,-34.750000
2000,1400,-30.750000
1900,1400,-20.000000

3dpoly
1900,1500,-24.000000
1900,1600,-20.000000
2000,1600,-46.750000
2000,1500,-34.750000
1900,1500,-24.000000

3dpoly
1900,1600,-20.000000
1900,1700,-28.000000
2000,1700,-47.750000
2000,1600,-46.750000
1900,1600,-20.000000

3dpoly
1900,1700,-28.000000
1900,1800,-14.878906
2000,1800,-34.814453
2000,1700,-47.750000
1900,1700,-28.000000

3dpoly
1900,1800,-14.878906
1900,1900,-13.878906
2000,1900,-31.814453
2000,1800,-34.814453
1900,1800,-14.878906

3dpoly
1900,1900,-13.878906
1900,2000,-11.878906
2000,2000,-32.814453
2000,1900,-31.814453
1900,1900,-13.878906

3dpoly
1900,2000,-11.878906
1900,2100,-6.818359
2000,2100,-24.814453
2000,2000,-32.814453
1900,2000,-11.878906

3dpoly
1900,2100,-6.818359
1900,2200,4.181641
2000,2200,-12.814453
2000,2100,-24.814453
1900,2100,-6.818359

3dpoly
1900,2200,4.181641
1900,2300,16.181641
2000,2300,-3.814453
2000,2200,-12.814453
1900,2200,4.181641

3dpoly
1900,2300,16.181641
1900,2400,16.181641
2000,2400,2.185547
2000,2300,-3.814453
1900,2300,16.181641

3dpoly
1900,2400,16.181641
1900,2500,7.181641
2000,2500,-8.814453
2000,2400,2.185547
1900,2400,16.181641

3dpoly
1900,2500,7.181641
1900,2600,4.181641
2000,2600,-16.814453
2000,2500,-8.814453
1900,2500,7.181641

3dpoly
1900,2600,4.181641
1900,2700,14.181641
2000,2700,-14.814453
2000,2600,-16.814453
1900,2600,4.181641

3dpoly
1900,2700,14.181641
1900,2800,11.181641
2000,2800,-2.814453
2000,2700,-14.814453
1900,2700,14.181641

3dpoly
1900,2800,11.181641
1900,2900,1.181641
2000,2900,5.185547
2000,2800,-2.814453
1900,2800,11.181641

3dpoly
1900,2900,1.181641
1900,3000,-7.818359
2000,3000,12.185547
2000,2900,5.185547
1900,2900,1.181641

3dpoly
2000,0,-51.000000
2000,100,-51.000000
2100,100,-70.000000
2100,0,-64.000000
2000,0,-51.000000

3dpoly
2000,100,-51.000000
2000,200,-33.500000
2100,200,-54.750000
2100,100,-70.000000
2000,100,-51.000000

3dpoly
2000,200,-33.500000
2000,300,-35.500000
2100,300,-43.750000
2100,200,-54.750000
2000,200,-33.500000

3dpoly
2000,300,-35.500000
2000,400,-23.500000
2100,400,-51.750000
2100,300,-43.750000
2000,300,-35.500000

3dpoly
2000,400,-23.500000
2000,500,-28.500000
2100,500,-46.625000
2100,400,-51.750000
2000,400,-23.500000

3dpoly
2000,500,-28.500000
2000,600,-39.500000
2100,600,-60.625000
2100,500,-46.625000
2000,500,-28.500000

3dpoly
2000,600,-39.500000
2000,700,-32.500000
2100,700,-48.062500
2100,600,-60.625000
2000,600,-39.500000

3dpoly
2000,700,-32.500000
2000,800,-20.500000
2100,800,-35.062500
2100,700,-48.062500
2000,700,-32.500000

3dpoly
2000,800,-20.500000
2000,900,-8.500000
2100,900,-23.062500
2100,800,-35.062500
2000,800,-20.500000

3dpoly
2000,900,-8.500000
2000,1000,-9.500000
2100,1000,-12.062500
2100,900,-23.062500
2000,900,-8.500000

3dpoly
2000,1000,-9.500000
2000,1100,-21.750000
2100,1100,-25.062500
2100,1000,-12.062500
2000,1000,-9.500000

3dpoly
2000,1100,-21.750000
2000,1200,-19.750000
2100,1200,-13.062500
2100,1100,-25.062500
2000,1100,-21.750000

3dpoly
2000,1200,-19.750000
2000,1300,-22.750000
2100,1300,-19.062500
2100,1200,-13.062500
2000,1200,-19.750000

3dpoly
2000,1300,-22.750000
2000,1400,-30.750000
2100,1400,-26.062500
2100,1300,-19.062500
2000,1300,-22.750000

3dpoly
2000,1400,-30.750000
2000,1500,-34.750000
2100,1500,-19.062500
2100,1400,-26.062500
2000,1400,-30.750000

3dpoly
2000,1500,-34.750000
2000,1600,-46.750000
2100,1600,-23.062500
2100,1500,-19.062500
2000,1500,-34.750000

3dpoly
2000,1600,-46.750000
2000,1700,-47.750000
2100,1700,-33.062500
2100,1600,-23.062500
2000,1600,-46.750000

3dpoly
2000,1700,-47.750000
2000,1800,-34.814453
2100,1800,-47.062500
2100,1700,-33.062500
2000,1700,-47.750000

3dpoly
2000,1800,-34.814453
2000,1900,-31.814453
2100,1900,-50.062500
2100,1800,-47.062500
2000,1800,-34.814453

3dpoly
2000,1900,-31.814453
2000,2000,-32.814453
2100,2000,-47.062500
2100,1900,-50.062500
2000,1900,-31.814453

3dpoly
2000,2000,-32.814453
2000,2100,-24.814453
2100,2100,-39.938477
2100,2000,-47.062500
2000,2000,-32.814453

3dpoly
2000,2100,-24.814453
2000,2200,-12.814453
2100,2200,-28.876465
2100,2100,-39.938477
2000,2100,-24.814453

3dpoly
2000,2200,-12.814453
2000,2300,-3.814453
2100,2300,-18.876465
2100,2200,-28.876465
2000,2200,-12.814453

3dpoly
2000,2300,-3.814453
2000,2400,2.185547
2100,2400,-6.876465
2100,2300,-18.876465
2000,2300,-3.814453

3dpoly
2000,2400,2.185547
2000,2500,-8.814453
2100,2500,3.123535
2100,2400,-6.876465
2000,2400,2.185547

3dpoly
2000,2500,-8.814453
2000,2600,-16.814453
2100,2600,-8.876465
2100,2500,3.123535
2000,2500,-8.814453

3dpoly
2000,2600,-16.814453
2000,2700,-14.814453
2100,2700,-7.876465
2100,2600,-8.876465
2000,2600,-16.814453

3dpoly
2000,2700,-14.814453
2000,2800,-2.814453
2100,2800,1.123535
2100,2700,-7.876465
2000,2700,-14.814453

3dpoly
2000,2800,-2.814453
2000,2900,5.185547
2100,2900,-4.876465
2100,2800,1.123535
2000,2800,-2.814453

3dpoly
2000,2900,5.185547
2000,3000,12.185547
2100,3000,1.123535
2100,2900,-4.876465
2000,2900,5.185547

3dpoly
2100,0,-64.000000
2100,100,-70.000000
2200,100,-68.000000
2200,0,-70.000000
2100,0,-64.000000

3dpoly
2100,100,-70.000000
2100,200,-54.750000
2200,200,-70.000000
2200,100,-68.000000
2100,100,-70.000000

3dpoly
2100,200,-54.750000
2100,300,-43.750000
2200,300,-61.375000
2200,200,-70.000000
2100,200,-54.750000

3dpoly
2100,300,-43.750000
2100,400,-51.750000
2200,400,-68.375000
2200,300,-61.375000
2100,300,-43.750000

3dpoly
2100,400,-51.750000
2100,500,-46.625000
2200,500,-69.375000
2200,400,-68.375000
2100,400,-51.750000

3dpoly
2100,500,-46.625000
2100,600,-60.625000
2200,600,-66.375000
2200,500,-69.375000
2100,500,-46.625000

3dpoly
2100,600,-60.625000
2100,700,-48.062500
2200,700,-62.375000
2200,600,-66.375000
2100,600,-60.625000

3dpoly
2100,700,-48.062500
2100,800,-35.062500
2200,800,-52.375000
2200,700,-62.375000
2100,700,-48.062500

3dpoly
2100,800,-35.062500
2100,900,-23.062500
2200,900,-51.375000
2200,800,-52.375000
2100,800,-35.062500

3dpoly
2100,900,-23.062500
2100,1000,-12.062500
2200,1000,-38.375000
2200,900,-51.375000
2100,900,-23.062500

3dpoly
2100,1000,-12.062500
2100,1100,-25.062500
2200,1100,-27.375000
2200,1000,-38.375000
2100,1000,-12.062500

3dpoly
2100,1100,-25.062500
2100,1200,-13.062500
2200,1200,-16.375000
2200,1100,-27.375000
2100,1100,-25.062500

3dpoly
2100,1200,-13.062500
2100,1300,-19.062500
2200,1300,-22.375000
2200,1200,-16.375000
2100,1200,-13.062500

3dpoly
2100,1300,-19.062500
2100,1400,-26.062500
2200,1400,-31.375000
2200,1300,-22.375000
2100,1300,-19.062500

3dpoly
2100,1400,-26.062500
2100,1500,-19.062500
2200,1500,-43.375000
2200,1400,-31.375000
2100,1400,-26.062500

3dpoly
2100,1500,-19.062500
2100,1600,-23.062500
2200,1600,-39.218750
2200,1500,-43.375000
2100,1500,-19.062500

3dpoly
2100,1600,-23.062500
2100,1700,-33.062500
2200,1700,-32.218750
2200,1600,-39.218750
2100,1600,-23.062500

3dpoly
2100,1700,-33.062500
2100,1800,-47.062500
2200,1800,-44.218750
2200,1700,-32.218750
2100,1700,-33.062500

3dpoly
2100,1800,-47.062500
2100,1900,-50.062500
2200,1900,-44.218750
2200,1800,-44.218750
2100,1800,-47.062500

3dpoly
2100,1900,-50.062500
2100,2000,-47.062500
2200,2000,-35.218750
2200,1900,-44.218750
2100,1900,-50.062500

3dpoly
2100,2000,-47.062500
2100,2100,-39.938477
2200,2100,-29.218750
2200,2000,-35.218750
2100,2000,-47.062500

3dpoly
2100,2100,-39.938477
2100,2200,-28.876465
2200,2200,-36.218750
2200,2100,-29.218750
2100,2100,-39.938477

3dpoly
2100,2200,-28.876465
2100,2300,-18.876465
2200,2300,-31.218750
2200,2200,-36.218750
2100,2200,-28.876465

3dpoly
2100,2300,-18.876465
2100,2400,-6.876465
2200,2400,-26.218750
2200,2300,-31.218750
2100,2300,-18.876465

3dpoly
2100,2400,-6.876465
2100,2500,3.123535
2200,2500,-16.547607
2200,2400,-26.218750
2100,2400,-6.876465

3dpoly
2100,2500,3.123535
2100,2600,-8.876465
2200,2600,-24.547607
2200,2500,-16.547607
2100,2500,3.123535

3dpoly
2100,2600,-8.876465
2100,2700,-7.876465
2200,2700,-20.547607
2200,2600,-24.547607
2100,2600,-8.876465

3dpoly
2100,2700,-7.876465
2100,2800,1.123535
2200,2800,-7.547607
2200,2700,-20.547607
2100,2700,-7.876465

3dpoly
2100,2800,1.123535
2100,2900,-4.876465
2200,2900,-7.547607
2200,2800,-7.547607
2100,2800,1.123535

3dpoly
2100,2900,-4.876465
2100,3000,1.123535
2200,3000,-11.547607
2200,2900,-7.547607
2100,2900,-4.876465

3dpoly
2200,0,-70.000000
2200,100,-68.000000
2300,100,-64.000000
2300,0,-65.000000
2200,0,-70.000000

3dpoly
2200,100,-68.000000
2200,200,-70.000000
2300,200,-55.000000
2300,100,-64.000000
2200,100,-68.000000

3dpoly
2200,200,-70.000000
2200,300,-61.375000
2300,300,-45.000000
2300,200,-55.000000
2200,200,-70.000000

3dpoly
2200,300,-61.375000
2200,400,-68.375000
2300,400,-53.000000
2300,300,-45.000000
2200,300,-61.375000

3dpoly
2200,400,-68.375000
2200,500,-69.375000
2300,500,-59.000000
2300,400,-53.000000
2200,400,-68.375000

3dpoly
2200,500,-69.375000
2200,600,-66.375000
2300,600,-60.000000
2300,500,-59.000000
2200,500,-69.375000

3dpoly
2200,600,-66.375000
2200,700,-62.375000
2300,700,-50.000000
2300,600,-60.000000
2200,600,-66.375000

3dpoly
2200,700,-62.375000
2200,800,-52.375000
2300,800,-59.000000
2300,700,-50.000000
2200,700,-62.375000

3dpoly
2200,800,-52.375000
2200,900,-51.375000
2300,900,-61.000000
2300,800,-59.000000
2200,800,-52.375000

3dpoly
2200,900,-51.375000
2200,1000,-38.375000
2300,1000,-67.000000
2300,900,-61.000000
2200,900,-51.375000

3dpoly
2200,1000,-38.375000
2200,1100,-27.375000
2300,1100,-47.187500
2300,1000,-67.000000
2200,1000,-38.375000

3dpoly
2200,1100,-27.375000
2200,1200,-16.375000
2300,1200,-40.187500
2300,1100,-47.187500
2200,1100,-27.375000

3dpoly
2200,1200,-16.375000
2200,1300,-22.375000
2300,1300,-38.187500
2300,1200,-40.187500
2200,1200,-16.375000

3dpoly
2200,1300,-22.375000
2200,1400,-31.375000
2300,1400,-49.187500
2300,1300,-38.187500
2200,1300,-22.375000

3dpoly
2200,1400,-31.375000
2200,1500,-43.375000
2300,1500,-39.187500
2300,1400,-49.187500
2200,1400,-31.375000

3dpoly
2200,1500,-43.375000
2200,1600,-39.218750
2300,1600,-51.187500
2300,1500,-39.187500
2200,1500,-43.375000

3dpoly
2200,1600,-39.218750
2200,1700,-32.218750
2300,1700,-40.187500
2300,1600,-51.187500
2200,1600,-39.218750

3dpoly
2200,1700,-32.218750
2200,1800,-44.218750
2300,1800,-44.187500
2300,1700,-40.187500
2200,1700,-32.218750

3dpoly
2200,1800,-44.218750
2200,1900,-44.218750
2300,1900,-42.187500
2300,1800,-44.187500
2200,1800,-44.218750

3dpoly
2200,1900,-44.218750
2200,2000,-35.218750
2300,2000,-36.187500
2300,1900,-42.187500
2200,1900,-44.218750

3dpoly
2200,2000,-35.218750
2200,2100,-29.218750
2300,2100,-47.187500
2300,2000,-36.187500
2200,2000,-35.218750

3dpoly
2200,2100,-29.218750
2200,2200,-36.218750
2300,2200,-37.187500
2300,2100,-47.187500
2200,2100,-29.218750

3dpoly
2200,2200,-36.218750
2200,2300,-31.218750
2300,2300,-28.187500
2300,2200,-37.187500
2200,2200,-36.218750

3dpoly
2200,2300,-31.218750
2200,2400,-26.218750
2300,2400,-20.187500
2300,2300,-28.187500
2200,2300,-31.218750

3dpoly
2200,2400,-26.218750
2200,2500,-16.547607
2300,2500,-34.187500
2300,2400,-20.187500
2200,2400,-26.218750

3dpoly
2200,2500,-16.547607
2200,2600,-24.547607
2300,2600,-35.187500
2300,2500,-34.187500
2200,2500,-16.547607

3dpoly
2200,2600,-24.547607
2200,2700,-20.547607
2300,2700,-37.187500
2300,2600,-35.187500
2200,2600,-24.547607

3dpoly
2200,2700,-20.547607
2200,2800,-7.547607
2300,2800,-23.867554
2300,2700,-37.187500
2200,2700,-20.547607

3dpoly
2200,2800,-7.547607
2200,2900,-7.547607
2300,2900,-25.867554
2300,2800,-23.867554
2200,2800,-7.547607

3dpoly
2200,2900,-7.547607
2200,3000,-11.547607
2300,3000,-33.867554
2300,2900,-25.867554
2200,2900,-7.547607

3dpoly
2300,0,-65.000000
2300,100,-64.000000
2400,100,-64.000000
2400,0,-77.000000
2300,0,-65.000000

3dpoly
2300,100,-64.000000
2300,200,-55.000000
2400,200,-77.000000
2400,100,-64.000000
2300,100,-64.000000

3dpoly
2300,200,-55.000000
2300,300,-45.000000
2400,300,-63.000000
2400,200,-77.000000
2300,200,-55.000000

3dpoly
2300,300,-45.000000
2300,400,-53.000000
2400,400,-72.000000
2400,300,-63.000000
2300,300,-45.000000

3dpoly
2300,400,-53.000000
2300,500,-59.000000
2400,500,-64.000000
2400,400,-72.000000
2300,400,-53.000000

3dpoly
2300,500,-59.000000
2300,600,-60.000000
2400,600,-71.000000
2400,500,-64.000000
2300,500,-59.000000

3dpoly
2300,600,-60.000000
2300,700,-50.000000
2400,700,-72.000000
2400,600,-71.000000
2300,600,-60.000000

3dpoly
2300,700,-50.000000
2300,800,-59.000000
2400,800,-59.000000
2400,700,-72.000000
2300,700,-50.000000

3dpoly
2300,800,-59.000000
2300,900,-61.000000
2400,900,-70.000000
2400,800,-59.000000
2300,800,-59.000000

3dpoly
2300,900,-61.000000
2300,1000,-67.000000
2400,1000,-63.000000
2400,900,-70.000000
2300,900,-61.000000

3dpoly
2300,1000,-67.000000
2300,1100,-47.187500
2400,1100,-64.000000
2400,1000,-63.000000
2300,1000,-67.000000

3dpoly
2300,1100,-47.187500
2300,1200,-40.187500
2400,1200,-54.000000
2400,1100,-64.000000
2300,1100,-47.187500

3dpoly
2300,1200,-40.187500
2300,1300,-38.187500
2400,1300,-47.000000
2400,1200,-54.000000
2300,1200,-40.187500

3dpoly
2300,1300,-38.187500
2300,1400,-49.187500
2400,1400,-44.000000
2400,1300,-47.000000
2300,1300,-38.187500

3dpoly
2300,1400,-49.187500
2300,1500,-39.187500
2400,1500,-54.000000
2400,1400,-44.000000
2300,1400,-49.187500

3dpoly
2300,1500,-39.187500
2300,1600,-51.187500
2400,1600,-44.000000
2400,1500,-54.000000
2300,1500,-39.187500

3dpoly
2300,1600,-51.187500
2300,1700,-40.187500
2400,1700,-32.000000
2400,1600,-44.000000
2300,1600,-51.187500

3dpoly
2300,1700,-40.187500
2300,1800,-44.187500
2400,1800,-31.000000
2400,1700,-32.000000
2300,1700,-40.187500

3dpoly
2300,1800,-44.187500
2300,1900,-42.187500
2400,1900,-21.000000
2400,1800,-31.000000
2300,1800,-44.187500

3dpoly
2300,1900,-42.187500
2300,2000,-36.187500
2400,2000,-33.000000
2400,1900,-21.000000
2300,1900,-42.187500

3dpoly
2300,2000,-36.187500
2300,2100,-47.187500
2400,2100,-29.000000
2400,2000,-33.000000
2300,2000,-36.187500

3dpoly
2300,2100,-47.187500
2300,2200,-37.187500
2400,2200,-23.000000
2400,2100,-29.000000
2300,2100,-47.187500

3dpoly
2300,2200,-37.187500
2300,2300,-28.187500
2400,2300,-12.000000
2400,2200,-23.000000
2300,2200,-37.187500

3dpoly
2300,2300,-28.187500
2300,2400,-20.187500
2400,2400,-2.000000
2400,2300,-12.000000
2300,2300,-28.187500

3dpoly
2300,2400,-20.187500
2300,2500,-34.187500
2400,2500,-12.000000
2400,2400,-2.000000
2300,2400,-20.187500

3dpoly
2300,2500,-34.187500
2300,2600,-35.187500
2400,2600,-15.000000
2400,2500,-12.000000
2300,2500,-34.187500

3dpoly
2300,2600,-35.187500
2300,2700,-37.187500
2400,2700,-9.000000
2400,2600,-15.000000
2300,2600,-35.187500

3dpoly
2300,2700,-37.187500
2300,2800,-23.867554
2400,2800,4.000000
2400,2700,-9.000000
2300,2700,-37.187500

3dpoly
2300,2800,-23.867554
2300,2900,-25.867554
2400,2900,-3.000000
2400,2800,4.000000
2300,2800,-23.867554

3dpoly
2300,2900,-25.867554
2300,3000,-33.867554
2400,3000,-12.433777
2400,2900,-3.000000
2300,2900,-25.867554

3dpoly
2400,0,-77.000000
2400,100,-64.000000
2500,100,-86.000000
2500,0,-78.000000
2400,0,-77.000000

3dpoly
2400,100,-64.000000
2400,200,-77.000000
2500,200,-100.000000
2500,100,-86.000000
2400,100,-64.000000

3dpoly
2400,200,-77.000000
2400,300,-63.000000
2500,300,-91.000000
2500,200,-100.000000
2400,200,-77.000000

3dpoly
2400,300,-63.000000
2400,400,-72.000000
2500,400,-82.000000
2500,300,-91.000000
2400,300,-63.000000

3dpoly
2400,400,-72.000000
2400,500,-64.000000
2500,500,-74.000000
2500,400,-82.000000
2400,400,-72.000000

3dpoly
2400,500,-64.000000
2400,600,-71.000000
2500,600,-74.000000
2500,500,-74.000000
2400,500,-64.000000

3dpoly
2400,600,-71.000000
2400,700,-72.000000
2500,700,-68.000000
2500,600,-74.000000
2400,600,-71.000000

3dpoly
2400,700,-72.000000
2400,800,-59.000000
2500,800,-77.000000
2500,700,-68.000000
2400,700,-72.000000

3dpoly
2400,800,-59.000000
2400,900,-70.000000
2500,900,-74.000000
2500,800,-77.000000
2400,800,-59.000000

3dpoly
2400,900,-70.000000
2400,1000,-63.000000
2500,1000,-74.000000
2500,900,-74.000000
2400,900,-70.000000

3dpoly
2400,1000,-63.000000
2400,1100,-64.000000
2500,1100,-86.000000
2500,1000,-74.000000
2400,1000,-63.000000

3dpoly
2400,1100,-64.000000
2400,1200,-54.000000
2500,1200,-74.000000
2500,1100,-86.000000
2400,1100,-64.000000

3dpoly
2400,1200,-54.000000
2400,1300,-47.000000
2500,1300,-69.000000
2500,1200,-74.000000
2400,1200,-54.000000

3dpoly
2400,1300,-47.000000
2400,1400,-44.000000
2500,1400,-62.000000
2500,1300,-69.000000
2400,1300,-47.000000

3dpoly
2400,1400,-44.000000
2400,1500,-54.000000
2500,1500,-74.000000
2500,1400,-62.000000
2400,1400,-44.000000

3dpoly
2400,1500,-54.000000
2400,1600,-44.000000
2500,1600,-58.500000
2500,1500,-74.000000
2400,1500,-54.000000

3dpoly
2400,1600,-44.000000
2400,1700,-32.000000
2500,1700,-51.750000
2500,1600,-58.500000
2400,1600,-44.000000

3dpoly
2400,1700,-32.000000
2400,1800,-31.000000
2500,1800,-48.750000
2500,1700,-51.750000
2400,1700,-32.000000

3dpoly
2400,1800,-31.000000
2400,1900,-21.000000
2500,1900,-35.875000
2500,1800,-48.750000
2400,1800,-31.000000

3dpoly
2400,1900,-21.000000
2400,2000,-33.000000
2500,2000,-46.875000
2500,1900,-35.875000
2400,1900,-21.000000

3dpoly
2400,2000,-33.000000
2400,2100,-29.000000
2500,2100,-41.875000
2500,2000,-46.875000
2400,2000,-33.000000

3dpoly
2400,2100,-29.000000
2400,2200,-23.000000
2500,2200,-39.875000
2500,2100,-41.875000
2400,2100,-29.000000

3dpoly
2400,2200,-23.000000
2400,2300,-12.000000
2500,2300,-40.875000
2500,2200,-39.875000
2400,2200,-23.000000

3dpoly
2400,2300,-12.000000
2400,2400,-2.000000
2500,2400,-27.875000
2500,2300,-40.875000
2400,2300,-12.000000

3dpoly
2400,2400,-2.000000
2400,2500,-12.000000
2500,2500,-36.875000
2500,2400,-27.875000
2400,2400,-2.000000

3dpoly
2400,2500,-12.000000
2400,2600,-15.000000
2500,2600,-42.875000
2500,2500,-36.875000
2400,2500,-12.000000

3dpoly
2400,2600,-15.000000
2400,2700,-9.000000
2500,2700,-37.875000
2500,2600,-42.875000
2400,2600,-15.000000

3dpoly
2400,2700,-9.000000
2400,2800,4.000000
2500,2800,-21.937500
2500,2700,-37.875000
2400,2700,-9.000000

3dpoly
2400,2800,4.000000
2400,2900,-3.000000
2500,2900,-20.937500
2500,2800,-21.937500
2400,2800,4.000000

3dpoly
2400,2900,-3.000000
2400,3000,-12.433777
2500,3000,-16.937500
2500,2900,-20.937500
2400,2900,-3.000000

3dpoly
2500,0,-78.000000
2500,100,-86.000000
2600,100,-83.000000
2600,0,-74.000000
2500,0,-78.000000

3dpoly
2500,100,-86.000000
2500,200,-100.000000
2600,200,-95.000000
2600,100,-83.000000
2500,100,-86.000000

3dpoly
2500,200,-100.000000
2500,300,-91.000000
2600,300,-84.000000
2600,200,-95.000000
2500,200,-100.000000

3dpoly
2500,300,-91.000000
2500,400,-82.000000
2600,400,-86.000000
2600,300,-84.000000
2500,300,-91.000000

3dpoly
2500,400,-82.000000
2500,500,-74.000000
2600,500,-92.000000
2600,400,-86.000000
2500,400,-82.000000

3dpoly
2500,500,-74.000000
2500,600,-74.000000
2600,600,-82.000000
2600,500,-92.000000
2500,500,-74.000000

3dpoly
2500,600,-74.000000
2500,700,-68.000000
2600,700,-92.000000
2600,600,-82.000000
2500,600,-74.000000

3dpoly
2500,700,-68.000000
2500,800,-77.000000
2600,800,-81.000000
2600,700,-92.000000
2500,700,-68.000000

3dpoly
2500,800,-77.000000
2500,900,-74.000000
2600,900,-82.000000
2600,800,-81.000000
2500,800,-77.000000

3dpoly
2500,900,-74.000000
2500,1000,-74.000000
2600,1000,-94.000000
2600,900,-82.000000
2500,900,-74.000000

3dpoly
2500,1000,-74.000000
2500,1100,-86.000000
2600,1100,-81.000000
2600,1000,-94.000000
2500,1000,-74.000000

3dpoly
2500,1100,-86.000000
2500,1200,-74.000000
2600,1200,-84.000000
2600,1100,-81.000000
2500,1100,-86.000000

3dpoly
2500,1200,-74.000000
2500,1300,-69.000000
2600,1300,-76.000000
2600,1200,-84.000000
2500,1200,-74.000000

3dpoly
2500,1300,-69.000000
2500,1400,-62.000000
2600,1400,-75.000000
2600,1300,-76.000000
2500,1300,-69.000000

3dpoly
2500,1400,-62.000000
2500,1500,-74.000000
2600,1500,-63.000000
2600,1400,-75.000000
2500,1400,-62.000000

3dpoly
2500,1500,-74.000000
2500,1600,-58.500000
2600,1600,-56.000000
2600,1500,-63.000000
2500,1500,-74.000000

3dpoly
2500,1600,-58.500000
2500,1700,-51.750000
2600,1700,-70.000000
2600,1600,-56.000000
2500,1600,-58.500000

3dpoly
2500,1700,-51.750000
2500,1800,-48.750000
2600,1800,-57.000000
2600,1700,-70.000000
2500,1700,-51.750000

3dpoly
2500,1800,-48.750000
2500,1900,-35.875000
2600,1900,-54.000000
2600,1800,-57.000000
2500,1800,-48.750000

3dpoly
2500,1900,-35.875000
2500,2000,-46.875000
2600,2000,-52.000000
2600,1900,-54.000000
2500,1900,-35.875000

3dpoly
2500,2000,-46.875000
2500,2100,-41.875000
2600,2100,-47.000000
2600,2000,-52.000000
2500,2000,-46.875000

3dpoly
2500,2100,-41.875000
2500,2200,-39.875000
2600,2200,-55.000000
2600,2100,-47.000000
2500,2100,-41.875000

3dpoly
2500,2200,-39.875000
2500,2300,-40.875000
2600,2300,-68.000000
2600,2200,-55.000000
2500,2200,-39.875000

3dpoly
2500,2300,-40.875000
2500,2400,-27.875000
2600,2400,-45.937500
2600,2300,-68.000000
2500,2300,-40.875000

3dpoly
2500,2400,-27.875000
2500,2500,-36.875000
2600,2500,-48.937500
2600,2400,-45.937500
2500,2400,-27.875000

3dpoly
2500,2500,-36.875000
2500,2600,-42.875000
2600,2600,-41.937500
2600,2500,-48.937500
2500,2500,-36.875000

3dpoly
2500,2600,-42.875000
2500,2700,-37.875000
2600,2700,-33.937500
2600,2600,-41.937500
2500,2600,-42.875000

3dpoly
2500,2700,-37.875000
2500,2800,-21.937500
2600,2800,-20.937500
2600,2700,-33.937500
2500,2700,-37.875000

3dpoly
2500,2800,-21.937500
2500,2900,-20.937500
2600,2900,-14.937500
2600,2800,-20.937500
2500,2800,-21.937500

3dpoly
2500,2900,-20.937500
2500,3000,-16.937500
2600,3000,-4.937500
2600,2900,-14.937500
2500,2900,-20.937500

3dpoly
2600,0,-74.000000
2600,100,-83.000000
2700,100,-92.000000
2700,0,-87.000000
2600,0,-74.000000

3dpoly
2600,100,-83.000000
2600,200,-95.000000
2700,200,-96.000000
2700,100,-92.000000
2600,100,-83.000000

3dpoly
2600,200,-95.000000
2600,300,-84.000000
2700,300,-83.000000
2700,200,-96.000000
2600,200,-95.000000

3dpoly
2600,300,-84.000000
2600,400,-86.000000
2700,400,-76.000000
2700,300,-83.000000
2600,300,-84.000000

3dpoly
2600,400,-86.000000
2600,500,-92.000000
2700,500,-88.000000
2700,400,-76.000000
2600,400,-86.000000

3dpoly
2600,500,-92.000000
2600,600,-82.000000
2700,600,-79.000000
2700,500,-88.000000
2600,500,-92.000000

3dpoly
2600,600,-82.000000
2600,700,-92.000000
2700,700,-68.000000
2700,600,-79.000000
2600,600,-82.000000

3dpoly
2600,700,-92.000000
2600,800,-81.000000
2700,800,-55.000000
2700,700,-68.000000
2600,700,-92.000000

3dpoly
2600,800,-81.000000
2600,900,-82.000000
2700,900,-65.500000
2700,800,-55.000000
2600,800,-81.000000

3dpoly
2600,900,-82.000000
2600,1000,-94.000000
2700,1000,-79.500000
2700,900,-65.500000
2600,900,-82.000000

3dpoly
2600,1000,-94.000000
2600,1100,-81.000000
2700,1100,-83.500000
2700,1000,-79.500000
2600,1000,-94.000000

3dpoly
2600,1100,-81.000000
2600,1200,-84.000000
2700,1200,-81.500000
2700,1100,-83.500000
2600,1100,-81.000000

3dpoly
2600,1200,-84.000000
2600,1300,-76.000000
2700,1300,-73.500000
2700,1200,-81.500000
2600,1200,-84.000000

3dpoly
2600,1300,-76.000000
2600,1400,-75.000000
2700,1400,-62.500000
2700,1300,-73.500000
2600,1300,-76.000000

3dpoly
2600,1400,-75.000000
2600,1500,-63.000000
2700,1500,-62.500000
2700,1400,-62.500000
2600,1400,-75.000000

3dpoly
2600,1500,-63.000000
2600,1600,-56.000000
2700,1600,-61.500000
2700,1500,-62.500000
2600,1500,-63.000000

3dpoly
2600,1600,-56.000000
2600,1700,-70.000000
2700,1700,-65.500000
2700,1600,-61.500000
2600,1600,-56.000000

3dpoly
2600,1700,-70.000000
2600,1800,-57.000000
2700,1800,-66.500000
2700,1700,-65.500000
2600,1700,-70.000000

3dpoly
2600,1800,-57.000000
2600,1900,-54.000000
2700,1900,-75.500000
2700,1800,-66.500000
2600,1800,-57.000000

3dpoly
2600,1900,-54.000000
2600,2000,-52.000000
2700,2000,-63.500000
2700,1900,-75.500000
2600,1900,-54.000000

3dpoly
2600,2000,-52.000000
2600,2100,-47.000000
2700,2100,-73.500000
2700,2000,-63.500000
2600,2000,-52.000000

3dpoly
2600,2100,-47.000000
2600,2200,-55.000000
2700,2200,-64.500000
2700,2100,-73.500000
2600,2100,-47.000000

3dpoly
2600,2200,-55.000000
2600,2300,-68.000000
2700,2300,-67.500000
2700,2200,-64.500000
2600,2200,-55.000000

3dpoly
2600,2300,-68.000000
2600,2400,-45.937500
2700,2400,-74.500000
2700,2300,-67.500000
2600,2300,-68.000000

3dpoly
2600,2400,-45.937500
2600,2500,-48.937500
2700,2500,-70.500000
2700,2400,-74.500000
2600,2400,-45.937500

3dpoly
2600,2500,-48.937500
2600,2600,-41.937500
2700,2600,-61.218750
2700,2500,-70.500000
2600,2500,-48.937500

3dpoly
2600,2600,-41.937500
2600,2700,-33.937500
2700,2700,-62.218750
2700,2600,-61.218750
2600,2600,-41.937500

3dpoly
2600,2700,-33.937500
2600,2800,-20.937500
2700,2800,-40.078125
2700,2700,-62.218750
2600,2700,-33.937500

3dpoly
2600,2800,-20.937500
2600,2900,-14.937500
2700,2900,-30.507812
2700,2800,-40.078125
2600,2800,-20.937500

3dpoly
2600,2900,-14.937500
2600,3000,-4.937500
2700,3000,-20.222656
2700,2900,-30.507812
2600,2900,-14.937500

3dpoly
2700,0,-87.000000
2700,100,-92.000000
2800,100,-79.000000
2800,0,-82.000000
2700,0,-87.000000

3dpoly
2700,100,-92.000000
2700,200,-96.000000
2800,200,-90.000000
2800,100,-79.000000
2700,100,-92.000000

3dpoly
2700,200,-96.000000
2700,300,-83.000000
2800,300,-102.000000
2800,200,-90.000000
2700,200,-96.000000

3dpoly
2700,300,-83.000000
2700,400,-76.000000
2800,400,-91.000000
2800,300,-102.000000
2700,300,-83.000000

3dpoly
2700,400,-76.000000
2700,500,-88.000000
2800,500,-100.000000
2800,400,-91.000000
2700,400,-76.000000

3dpoly
2700,500,-88.000000
2700,600,-79.000000
2800,600,-105.000000
2800,500,-100.000000
2700,500,-88.000000

3dpoly
2700,600,-79.000000
2700,700,-68.000000
2800,700,-84.000000
2800,600,-105.000000
2700,600,-79.000000

3dpoly
2700,700,-68.000000
2700,800,-55.000000
2800,800,-74.500000
2800,700,-84.000000
2700,700,-68.000000

3dpoly
2700,800,-55.000000
2700,900,-65.500000
2800,900,-87.500000
2800,800,-74.500000
2700,800,-55.000000

3dpoly
2700,900,-65.500000
2700,1000,-79.500000
2800,1000,-82.500000
2800,900,-87.500000
2700,900,-65.500000

3dpoly
2700,1000,-79.500000
2700,1100,-83.500000
2800,1100,-70.500000
2800,1000,-82.500000
2700,1000,-79.500000

3dpoly
2700,1100,-83.500000
2700,1200,-81.500000
2800,1200,-67.500000
2800,1100,-70.500000
2700,1100,-83.500000

3dpoly
2700,1200,-81.500000
2700,1300,-73.500000
2800,1300,-56.500000
2800,1200,-67.500000
2700,1200,-81.500000

3dpoly
2700,1300,-73.500000
2700,1400,-62.500000
2800,1400,-62.500000
2800,1300,-56.500000
2700,1300,-73.500000

3dpoly
2700,1400,-62.500000
2700,1500,-62.500000
2800,1500,-73.500000
2800,1400,-62.500000
2700,1400,-62.500000

3dpoly
2700,1500,-62.500000
2700,1600,-61.500000
2800,1600,-62.500000
2800,1500,-73.500000
2700,1500,-62.500000

3dpoly
2700,1600,-61.500000
2700,1700,-65.500000
2800,1700,-58.500000
2800,1600,-62.500000
2700,1600,-61.500000

3dpoly
2700,1700,-65.500000
2700,1800,-66.500000
2800,1800,-71.500000
2800,1700,-58.500000
2700,1700,-65.500000

3dpoly
2700,1800,-66.500000
2700,1900,-75.500000
2800,1900,-71.500000
2800,1800,-71.500000
2700,1800,-66.500000

3dpoly
2700,1900,-75.500000
2700,2000,-63.500000
2800,2000,-69.500000
2800,1900,-71.500000
2700,1900,-75.500000

3dpoly
2700,2000,-63.500000
2700,2100,-73.500000
2800,2100,-78.500000
2800,2000,-69.500000
2700,2000,-63.500000

3dpoly
2700,2100,-73.500000
2700,2200,-64.500000
2800,2200,-83.500000
2800,2100,-78.500000
2700,2100,-73.500000

3dpoly
2700,2200,-64.500000
2700,2300,-67.500000
2800,2300,-86.500000
2800,2200,-83.500000
2700,2200,-64.500000

3dpoly
2700,2300,-67.500000
2700,2400,-74.500000
2800,2400,-76.500000
2800,2300,-86.500000
2700,2300,-67.500000

3dpoly
2700,2400,-74.500000
2700,2500,-70.500000
2800,2500,-63.500000
2800,2400,-76.500000
2700,2400,-74.500000

3dpoly
2700,2500,-70.500000
2700,2600,-61.218750
2800,2600,-62.500000
2800,2500,-63.500000
2700,2500,-70.500000

3dpoly
2700,2600,-61.218750
2700,2700,-62.218750
2800,2700,-55.500000
2800,2600,-62.500000
2700,2600,-61.218750

3dpoly
2700,2700,-62.218750
2700,2800,-40.078125
2800,2800,-54.789062
2800,2700,-55.500000
2700,2700,-62.218750

3dpoly
2700,2800,-40.078125
2700,2900,-30.507812
2800,2900,-46.148438
2800,2800,-54.789062
2700,2800,-40.078125

3dpoly
2700,2900,-30.507812
2700,3000,-20.222656
2800,3000,-46.148438
2800,2900,-46.148438
2700,2900,-30.507812

3dpoly
2800,0,-82.000000
2800,100,-79.000000
2900,100,-83.000000
2900,0,-93.000000
2800,0,-82.000000

3dpoly
2800,100,-79.000000
2800,200,-90.000000
2900,200,-80.000000
2900,100,-83.000000
2800,100,-79.000000

3dpoly
2800,200,-90.000000
2800,300,-102.000000
2900,300,-89.000000
2900,200,-80.000000
2800,200,-90.000000

3dpoly
2800,300,-102.000000
2800,400,-91.000000
2900,400,-85.000000
2900,300,-89.000000
2800,300,-102.000000

3dpoly
2800,400,-91.000000
2800,500,-100.000000
2900,500,-77.000000
2900,400,-85.000000
2800,400,-91.000000

3dpoly
2800,500,-100.000000
2800,600,-105.000000
2900,600,-77.000000
2900,500,-77.000000
2800,500,-100.000000

3dpoly
2800,600,-105.000000
2800,700,-84.000000
2900,700,-82.000000
2900,600,-77.000000
2800,600,-105.000000

3dpoly
2800,700,-84.000000
2800,800,-74.500000
2900,800,-86.000000
2900,700,-82.000000
2800,700,-84.000000

3dpoly
2800,800,-74.500000
2800,900,-87.500000
2900,900,-100.000000
2900,800,-86.000000
2800,800,-74.500000

3dpoly
2800,900,-87.500000
2800,1000,-82.500000
2900,1000,-97.750000
2900,900,-100.000000
2800,900,-87.500000

3dpoly
2800,1000,-82.500000
2800,1100,-70.500000
2900,1100,-86.625000
2900,1000,-97.750000
2800,1000,-82.500000

3dpoly
2800,1100,-70.500000
2800,1200,-67.500000
2900,1200,-83.625000
2900,1100,-86.625000
2800,1100,-70.500000

3dpoly
2800,1200,-67.500000
2800,1300,-56.500000
2900,1300,-72.062500
2900,1200,-83.625000
2800,1200,-67.500000

3dpoly
2800,1300,-56.500000
2800,1400,-62.500000
2900,1400,-69.062500
2900,1300,-72.062500
2800,1300,-56.500000

3dpoly
2800,1400,-62.500000
2800,1500,-73.500000
2900,1500,-78.062500
2900,1400,-69.062500
2800,1400,-62.500000

3dpoly
2800,1500,-73.500000
2800,1600,-62.500000
2900,1600,-85.062500
2900,1500,-78.062500
2800,1500,-73.500000

3dpoly
2800,1600,-62.500000
2800,1700,-58.500000
2900,1700,-75.281250
2900,1600,-85.062500
2800,1600,-62.500000

3dpoly
2800,1700,-58.500000
2800,1800,-71.500000
2900,1800,-83.281250
2900,1700,-75.281250
2800,1700,-58.500000

3dpoly
2800,1800,-71.500000
2800,1900,-71.500000
2900,1900,-76.281250
2900,1800,-83.281250
2800,1800,-71.500000

3dpoly
2800,1900,-71.500000
2800,2000,-69.500000
2900,2000,-83.281250
2900,1900,-76.281250
2800,1900,-71.500000

3dpoly
2800,2000,-69.500000
2800,2100,-78.500000
2900,2100,-74.281250
2900,2000,-83.281250
2800,2000,-69.500000

3dpoly
2800,2100,-78.500000
2800,2200,-83.500000
2900,2200,-86.281250
2900,2100,-74.281250
2800,2100,-78.500000

3dpoly
2800,2200,-83.500000
2800,2300,-86.500000
2900,2300,-82.281250
2900,2200,-86.281250
2800,2200,-83.500000

3dpoly
2800,2300,-86.500000
2800,2400,-76.500000
2900,2400,-92.281250
2900,2300,-82.281250
2800,2300,-86.500000

3dpoly
2800,2400,-76.500000
2800,2500,-63.500000
2900,2500,-78.390625
2900,2400,-92.281250
2800,2400,-76.500000

3dpoly
2800,2500,-63.500000
2800,2600,-62.500000
2900,2600,-75.390625
2900,2500,-78.390625
2800,2500,-63.500000

3dpoly
2800,2600,-62.500000
2800,2700,-55.500000
2900,2700,-64.390625
2900,2600,-75.390625
2800,2600,-62.500000

3dpoly
2800,2700,-55.500000
2800,2800,-54.789062
2900,2800,-52.390625
2900,2700,-64.390625
2800,2700,-55.500000

3dpoly
2800,2800,-54.789062
2800,2900,-46.148438
2900,2900,-42.390625
2900,2800,-52.390625
2800,2800,-54.789062

3dpoly
2800,2900,-46.148438
2800,3000,-46.148438
2900,3000,-44.390625
2900,2900,-42.390625
2800,2900,-46.148438

3dpoly
2900,0,-93.000000
2900,100,-83.000000
3000,100,-99.500000
3000,0,-106.000000
2900,0,-93.000000

3dpoly
2900,100,-83.000000
2900,200,-80.000000
3000,200,-100.500000
3000,100,-99.500000
2900,100,-83.000000

3dpoly
2900,200,-80.000000
2900,300,-89.000000
3000,300,-95.500000
3000,200,-100.500000
2900,200,-80.000000

3dpoly
2900,300,-89.000000
2900,400,-85.000000
3000,400,-87.500000
3000,300,-95.500000
2900,300,-89.000000

3dpoly
2900,400,-85.000000
2900,500,-77.000000
3000,500,-93.500000
3000,400,-87.500000
2900,400,-85.000000

3dpoly
2900,500,-77.000000
2900,600,-77.000000
3000,600,-90.500000
3000,500,-93.500000
2900,500,-77.000000

3dpoly
2900,600,-77.000000
2900,700,-82.000000
3000,700,-89.500000
3000,600,-90.500000
2900,600,-77.000000

3dpoly
2900,700,-82.000000
2900,800,-86.000000
3000,800,-85.500000
3000,700,-89.500000
2900,700,-82.000000

3dpoly
2900,800,-86.000000
2900,900,-100.000000
3000,900,-82.500000
3000,800,-85.500000
2900,800,-86.000000

3dpoly
2900,900,-100.000000
2900,1000,-97.750000
3000,1000,-96.500000
3000,900,-82.500000
2900,900,-100.000000

3dpoly
2900,1000,-97.750000
2900,1100,-86.625000
3000,1100,-99.500000
3000,1000,-96.500000
2900,1000,-97.750000

3dpoly
2900,1100,-86.625000
2900,1200,-83.625000
3000,1200,-106.500000
3000,1100,-99.500000
2900,1100,-86.625000

3dpoly
2900,1200,-83.625000
2900,1300,-72.062500
3000,1300,-90.781250
3000,1200,-106.500000
2900,1200,-83.625000

3dpoly
2900,1300,-72.062500
2900,1400,-69.062500
3000,1400,-86.921875
3000,1300,-90.781250
2900,1300,-72.062500

3dpoly
2900,1400,-69.062500
2900,1500,-78.062500
3000,1500,-88.921875
3000,1400,-86.921875
2900,1400,-69.062500

3dpoly
2900,1500,-78.062500
2900,1600,-85.062500
3000,1600,-84.921875
3000,1500,-88.921875
2900,1500,-78.062500

3dpoly
2900,1600,-85.062500
2900,1700,-75.281250
3000,1700,-91.921875
3000,1600,-84.921875
2900,1600,-85.062500

3dpoly
2900,1700,-75.281250
2900,1800,-83.281250
3000,1800,-103.921875
3000,1700,-91.921875
2900,1700,-75.281250

3dpoly
2900,1800,-83.281250
2900,1900,-76.281250
3000,1900,-93.921875
3000,1800,-103.921875
2900,1800,-83.281250

3dpoly
2900,1900,-76.281250
2900,2000,-83.281250
3000,2000,-93.921875
3000,1900,-93.921875
2900,1900,-76.281250

3dpoly
2900,2000,-83.281250
2900,2100,-74.281250
3000,2100,-82.921875
3000,2000,-93.921875
2900,2000,-83.281250

3dpoly
2900,2100,-74.281250
2900,2200,-86.281250
3000,2200,-86.921875
3000,2100,-82.921875
2900,2100,-74.281250

3dpoly
2900,2200,-86.281250
2900,2300,-82.281250
3000,2300,-84.921875
3000,2200,-86.921875
2900,2200,-86.281250

3dpoly
2900,2300,-82.281250
2900,2400,-92.281250
3000,2400,-97.921875
3000,2300,-84.921875
2900,2300,-82.281250

3dpoly
2900,2400,-92.281250
2900,2500,-78.390625
3000,2500,-103.921875
3000,2400,-97.921875
2900,2400,-92.281250

3dpoly
2900,2500,-78.390625
2900,2600,-75.390625
3000,2600,-94.156250
3000,2500,-103.921875
2900,2500,-78.390625

3dpoly
2900,2600,-75.390625
2900,2700,-64.390625
3000,2700,-81.156250
3000,2600,-94.156250
2900,2600,-75.390625

3dpoly
2900,2700,-64.390625
2900,2800,-52.390625
3000,2800,-70.773438
3000,2700,-81.156250
2900,2700,-64.390625

3dpoly
2900,2800,-52.390625
2900,2900,-42.390625
3000,2900,-63.082031
3000,2800,-70.773438
2900,2800,-52.390625

3dpoly
2900,2900,-42.390625
2900,3000,-44.390625
3000,3000,-54.082031
3000,2900,-63.082031
2900,2900,-42.390625

3dpoly
